4
8
16
32
9
243
5
5
6
6
30
54
66
66
78
96
126
288
342
582
588
858
894
948
984
2016
2220
4176
4548
5202
5568
6144
6168
7410
7872
8610
9762
9942
10038
10068
11748
11772
11934
12534
18582
20898
29304
30276
35370
40056
41808
41940
47376
48624
49548
49596
53256
55656
64128
64386
81432
84066
85602
90090
91482
93102
94986
95544
96852
98340
113274
113778
201078
207834
231810
232374
247386
251616
283860
291192
319914
365796
370134
381642
392070
402984
420492
424848
443034
464130
470016
522822
620202
641118
657642
682908
747126
747852
793998
862692
953694
1142364
1676544
2917218
3471444
4097922
4748910
4825074
5277072
5355906
5868180
6667788
6884610
7089180
7637178
7754466
7756590
7756872
7829526
8079468
8587950
9438030
30143928
31487160
37255104
42763296
55682796
60738012
62751240
121943748
213048114
275572170
282080700
309657396
558131436
573202830
634270494
695232414
895235838
975626190
1005974214
1140848796
1385466402
4423962864
4508170302
5836227252
7124846340
7209074340
8896999224
9879761880
9985918710
32169546846
37720204908
44995847658
48973115772
58758496050
76330364478
76673122422
78960194988
85421938722
86406268044
103726082742
366849664230
818650897440
1780271225808
2166067966110
4012336817154
9310490731866
17772151381398
57962967934632
58845539872296
97788074430858
966833659362690
1697911772777712
49
290
640
670
3410
3940
4990
6230
6890
7720
8600
11510
34190
39260
55700
72580
77440
79640
86230
87920
88450
100610
125350
139570
367090
472840
531380
540760
568340
579290
592700
660230
694070
785920
840280
868850
873520
4744990
7135990
7289450
8500910
8995040
9691790
24532330
53066740
56831500
98756170
307164410
380001320
825583720
3173098550
6006141920
6059467370
43350231770
67005824920
96191661490
380041133450
920419999270
4786666755740
5630603878900
48970539334190
515607678936010
5093880211554620
99341194269975730
28
56
196
392
7868
16814
26866
32914
46984
72632
78218
88928
96334
464744
620872
728546
831908
45987298
51680986
159421682
512698382
1729186298
6975111458
24985699634
80062729096
9903362287126
6856390351509818
75
3945
7485
12735
21435
22485
38955
80715
150915
329535
525195
838365
966735
991155
2362395
7169085
255615825
301063725
972826365
4224403995
5180933445
47020874715
87413018265
975509251125
289
1827
7371
32571
66507
70917
80073
85239
484281
509943
9639399
8729922621
74090594739
88712895537
16849423297658553
3784
12122
72094
87032
227722
347138
414392
619784
761816
854722
1028962
2769206
4656388
7720966
9306946
9758716
9856594
11604032
35041798
38209226
128564414
218981114
7795133456
7988198174
530350222292
49414701108322
52
1222
8632
36712
78338
87646
95134
224068
282542
333164
826774
1309178
9506984786
93645046534
2899494596804
29
33
99
99
1419
5841
21417
550341
827937
924099
6833277
59911401
942215373
3308890233
885854447849877
34
34
7922
56338
92888
222938
340952
4923778
7340906
173487584
481308935882
35
455
376775
9047395
37
76
7828
58444
79648
134254
2800106
90779074
6449344969708
39330794709542038
39
13221
29523
80379
81549
538161
730353
39370227
43
92
44068
347576
977224
69099206038
911761574708
6081691924276
595527
748017
891633
7076607
150338100951
55
55
55
1705
16775
62315
928895
4475003005
36370565825
505246782095
57
171
1653
224409
927267963
928
14152
46052
67976
99644
379378
695768
27680732
469514524
618698954996
869247680153686
59
61
61
61
62
9052
9362
36704
571888
8017654
65695117962406
58565
69485
38135435
1044116945885
77487
82317
30048495153
71
73
592
165686
312206
836818714
2227113472
4121120162
2521020728542
89297657021786
4081
39347
645029
5740273
51074947
7052
54202
374051706596
940159923932
4183615
9715931545
18232
21586
56158
87
7047
2031331764129
89
91
83447
93947581
6680475529
53497599
702523209
63117108963
47752
8046494
53983732256
848
21836
2770125351286
999
704367927
32742651129
865835
366523830215
944
944
520852
88359444341
488
38674
15822424
10209
1214379
50540638865679
8643
588369
782643
899259
6770823
42772659
8978
3069993
82491727533
23572
22451
91663
498641
11650067
725
82794228455
647782067292914
16895
316
317738
2523098337
37278285023
52622
56109
22340763
8246384
60573
143005
9395343
6464
8669835041
21935
970265
21867845351
57297
95281929
214
24182
28034
61399915
436
53023294378
6781859486823
904
381807
3735357
20027501
524
94844
6618289467
81652
758008396
932968
30098504
84091
596
155258
8524019
302
604
927
159866949209
326
981
2303
237209
23704121
470606
1347356
74845058
337
99913
146971
9544064
1234384
620135
336662131
1999094
7706219
18108079926408957
609485
397
500187
52705
6214577
650334740435
446
7712
62469128481
46013
13268876
774351461
311431747450325
537
645991590581
51836561
557
1124
849759
8535039
629
3371215
659
1324
669
54189
41477
3828782896119
5452529
743
461155
2241869669
7313035071
791
1604
807
809
818
829
835
857
6190168
8925835
901
6965523
791998
951
381351
708215
995
3992
9015967
1395973
2033606
4568
4881383
266071
1289
3238773
7226994252337
938999
6296279
546545
7485333
7808779
96348690596
710644909
861639
1603
77300048146
3292
27296
1751
3524
8051891386443082
1951
1979
1997
2059
370194666305851
217579147687144
2102
9771762977224
3504589
17872
9242513
2321
16513
8516127
267697
4924
2471
245351528
51177113
2599
5804
8847
648554342
973399790393
3257
489638271
3391
6836
90332213
3631
9797177
480625
146915657520827
512191
4106
55347003
21366292
4261
4442
453618061
8052939968
5277
5663
5749
486303406
5847
5893
482643866713511
6169
6249
6259
4762076694625
6415
51536
6505
6515
19827
6639
6718
7037
7303
7813
15868
8061
89419
523904
8461
73488229
31209481
8531
8669
8767
8915
63847
9221
9353
9411
90693
323264
76894859
56725
11901
96592
50936
13093
13094
91069763
14737
6257323
3307767633
996669087
15339
49239
16886
17177
4974330854
54678883523
89198470364893
860830655
19999
22159
5132601121
2939019377
94116280718
29719
158975
32071
32543
35339
35359
35709
145736
38537
41017
43235
174728
44063
44489
8512866106
46149
46723
49411
49891
51187
52249
52413
292862731541
54699
56813
57203
57949
60103
60833
87618361961
310025
89557093
68683
69703
70781
74177
75337
680914747748
384425
77107
77557
77977
78746
80335
82171
165916
85929
88045
88202
576011693394094
89393
92965
93167
93363
93382
96087
96207
103331
112958
821387
3556953
289012
28339724086
159981
327884
722984
84810126341078
188533
399316
215647
240857
268915
291971
8013249
600604
320185
333029
361373
399821
402749
3641409
404849
409027
433729
436637
440243
443297
448606
469318
479789
484233
485491
494749
500099
3536183
509681
519335
554971
590255
636889
641555
652345
662693
665351
688931
697087
725923
749141
3030000765866
785737
792958
797611
813811
819833
823467
878701
888749
889597
910447
915869
918553
940481
960418
973334
998549
4319559
3266156
81463600193873
1785299
1860467
2128771
7038963
7385643
5549668
3021743
3048482
3136906
3565077
3830399
6034693799593
4136743
4195871
4393841
4691209
4714159
19540106492459
5419383
5590169
5606663
5996017
6122477
6285193
6300907
6835429
6887446
7230103
7442654
8324177
8350954
8415049
8695223
8725181
8731937
9000553
9208807
9234598
9410957
9675573
9726331
9840241
99702992
43023681
134194352
17684347
41382476
30586702
33256921
33570561
36595511
51316169
61395731
63554587
65024759
66499819
69828829
79077742
84624271
85392038
89933351
91263949
94128331
925539507
183652715
300932701
321351703
342632494
432722078
476666962
1684687419
566913362
583326365
589156691
693832043
755416745
802360486
862495457
2111379441
2383007747
3465335101
4432488239
6790404337
8083198985
8117463727
8700405823
14352180278
74505460724
43092140669
55475677802
64915279309
91178189777
171181820981
219023558339
997873998038
2781155867951
4492394879617
6675125648421
6922785257329
17595525325639
41894685052711
47428748407006
48887092082143
66376957911307
77994729086123
916731518642648
4299378276878447
