4
5
5
5
6
9
10
14
17
20
31
35
39
40
46
55
65
70
71
85
92
137
160
168
194
243
254
257
319
326
365
392
394
433
469
483
545
556
560
565
587
626
1038
1404
1758
2197
2334
2646
2660
2922
4110
4398
4854
4890
5088
5448
6756
8232
8688
9486
27684
29004
30254
32820
39088
40910
43050
44766
52518
52632
55524
68892
75798
89382
97590
98250
194406
320292
507468
540228
701298
702036
782040
874032
961374
1253700
1980792
3879324
4496928
4554186
6205224
7051644
8402670
9487578
9964818
23437608
35043870
57104436
82467018
233408418
264830220
302613090
443594190
836529864
899347122
1587937866
6080138862
7169735094
7752933942
9893900532
67646547144
95488992714
145853103624
3100973657586
10873343048784
16876684701858
610273844745468
1338816389798424
64090
77686
83500
94360
909800
3687530
5257790
7836680
54550570
141992860
471980140
591722740
5771062820
6342860120
9249119450
9780488440
331018238030
97179229292478920
79282
147994
354676
401338
656768
781564
970256
1861538
4481834
5366228
19973086
64655696
228089806
5346996424
502942069532
793917528404
4961594802514
765
3633
12495
61047
157143
284955
308445
373305
441777
779085
7337547
9871395
186654027
7606557255
11107978545
61092771315
204870104775
3717854099547
47300230022865
638
639
646
647
665
669
712
771
793
799
862
863
974
986
995
1349
1474
1645
1717
1873
1936
2013
2303
2612
2662
2734
2777
2799
3043
3074
3239
3289
4184
4687
4822
4953
5157
5409
5623
6595
6683
8239
8338
8493
8546
8929
9001
9083
9154
9497
9725
10553
12639
15491
17269
17428
18181
18364
18597
18611
19627
25958
27614
28063
33091
33169
34369
38842
40232
43712
51251
51998
53518
56545
58257
59902
60574
62493
62825
67792
73293
76265
76774
76984
79006
80272
80726
86063
86524
88593
90884
91121
91384
93682
93727
96877
99027
108957
128029
182263
182338
205619
207226
211803
239523
242833
244001
294734
317186
320845
345237
355053
355543
376439
385629
392037
406004
410896
424112
439391
450878
477061
479537
523913
565031
571763
601204
629891
657933
683399
691567
713009
713287
746877
749907
758829
761031
764523
774331
775294
782893
783413
817481
830932
852872
894391
922323
933638
937985
940679
942591
966403
1099384
1128469
1186607
1260844
1307902
1555369
1920992
1965623
2034692
2138351
2339679
2408899
2611394
2788195
2961833
2971989
3524392
3636355
3773649
3903977
4391174
4701751
5055215
5218546
5808623
6553136
6614251
6614569
6614765
7012655
7082065
7277261
7416611
7684685
7892998
7926491
8070413
8454423
8537469
8604243
8615209
8798905
8961788
9091472
9538022
9554138
9886454
9985504
13991583
17163883
19399546
20083633
21235141
21261034
30267251
31435433
31615438
33674683
35080268
44711407
45479059
51163246
54952435
57803169
72749723
73826636
78781823
79941857
81657293
84178685
90987317
95324747
96484291
136970156
141728425
152910005
168971409
193076721
199583603
331300585
425089946
458402939
489213571
530390891
615637241
621000313
631761554
685689407
687025831
746310788
779879281
839208449
868641213
884836762
904717563
1280800282
1919574583
2299603948
3171629547
3208406101
3943654873
4047444903
4995190034
5364059986
5437299932
6282889898
6536941772
6641617381
6899021983
7502748215
7689738272
8638975671
9026722981
9044888035
9313192582
9389363461
9828976436
11557421222
12661725814
16575198311
18449192465
19625578858
60282663274
78508794697
80662320409
82510597474
97116619143
126810614667
150085284661
215319004916
340395601719
383206397713
541268759851
557859976685
561562857537
759691202698
807561126928
808988822147
820116875493
851962479057
855833296564
923252253437
927374574206
1075574337308
3483827920642
3548900931277
5404604587417
5544384938735
7476239170952
7744381624612
7895737981765
8683480804906
9556517535483
20342651941461
23503223838706
32934066711099
41274911148008
44686335533727
46340939687852
48380704646968
60747896471739
63636863238223
65095370645306
70396512504902
93265625036855
93626549891017
174711686523309
194128771324597
264195193021423
463517382790297
614693222092087
939297451108712
982866391637825
6720877735752458
8631528486385153
39754087275188021
