4
5
5
6
6
8
9
16
28
29
30
32
33
49
52
243
54
56
66
66
75
78
96
99
99
126
196
288
289
290
342
392
582
588
858
894
948
984
2016
2220
4176
4548
5202
5568
6144
6168
7410
7872
8610
9762
9942
10038
10068
11748
11772
11934
12534
18582
20898
29304
30276
35370
40056
41808
41940
47376
48624
49548
49596
53256
55656
64128
64386
81432
84066
85602
90090
91482
93102
94986
95544
96852
98340
113274
113778
201078
207834
231810
232374
247386
251616
283860
291192
319914
365796
370134
381642
392070
402984
420492
424848
443034
464130
470016
522822
620202
641118
657642
682908
747126
747852
793998
862692
953694
1142364
1676544
2917218
3471444
4097922
4748910
4825074
5277072
5355906
5868180
6667788
6884610
7089180
7637178
7754466
7756590
7756872
7829526
8079468
8587950
9438030
30143928
31487160
37255104
42763296
55682796
60738012
62751240
121943748
213048114
275572170
282080700
309657396
558131436
573202830
634270494
695232414
895235838
975626190
1005974214
1140848796
1385466402
4423962864
4508170302
5836227252
7124846340
7209074340
8896999224
9879761880
9985918710
32169546846
37720204908
44995847658
48973115772
58758496050
76330364478
76673122422
78960194988
85421938722
86406268044
103726082742
366849664230
818650897440
1780271225808
2166067966110
4012336817154
9310490731866
17772151381398
57962967934632
58845539872296
97788074430858
966833659362690
1697911772777712
640
670
1222
1827
3410
3784
3940
3945
4990
6230
6890
7371
7720
7868
8600
11510
16814
26866
32914
34190
39260
55700
72580
77440
79640
86230
87920
88450
100610
125350
139570
367090
472840
531380
540760
568340
579290
592700
660230
694070
785920
840280
868850
873520
4744990
7135990
7289450
8500910
8995040
9691790
24532330
53066740
56831500
98756170
307164410
380001320
825583720
3173098550
6006141920
6059467370
43350231770
67005824920
96191661490
380041133450
920419999270
4786666755740
5630603878900
48970539334190
515607678936010
5093880211554620
99341194269975730
46984
72632
78218
88928
96334
464744
620872
728546
831908
45987298
51680986
159421682
512698382
1729186298
6975111458
24985699634
80062729096
9903362287126
6856390351509818
7485
8632
12122
12735
21435
22485
32571
38955
66507
70917
72094
80073
80715
150915
329535
525195
838365
966735
991155
2362395
7169085
255615825
301063725
972826365
4224403995
5180933445
47020874715
87413018265
975509251125
85239
87032
227722
347138
414392
484281
509943
619784
9639399
8729922621
74090594739
88712895537
16849423297658553
761816
854722
1028962
2769206
4656388
7720966
9306946
9758716
9856594
11604032
35041798
38209226
128564414
218981114
7795133456
7988198174
530350222292
49414701108322
36712
78338
87646
95134
224068
282542
333164
826774
1309178
9506984786
93645046534
2899494596804
1419
5841
21417
550341
827937
924099
6833277
59911401
942215373
3308890233
885854447849877
34
34
35
37
39
43
55
55
55
57
59
61
61
61
62
71
73
76
87
89
91
92
171
214
302
316
326
337
397
436
446
455
488
524
537
557
592
596
604
629
659
669
725
743
791
807
809
818
829
835
848
857
901
904
927
928
944
944
951
981
995
999
1124
1289
1324
1603
1604
1653
1705
1751
1951
1979
1997
2059
2102
2303
2321
2471
2599
3257
3292
3391
3524
3631
3992
4081
4106
4261
4442
4568
4924
5277
5663
5749
5804
5847
5893
6169
6249
6259
6415
6464
6505
6515
6639
6718
6836
7037
7047
7052
7303
7712
7813
7828
7922
8061
8461
8531
8643
8669
8767
8847
8915
8978
9052
9221
9353
9362
9411
10209
11901
13093
13094
13221
14152
14737
15339
15868
16513
16775
16886
16895
17177
17872
18232
19827
19999
21586
21836
21935
22159
22451
23572
24182
27296
28034
29523
29719
32071
32543
35339
35359
35709
36704
38537
38674
39347
41017
41477
43235
44063
44068
44489
46013
46052
46149
46723
47752
49239
49411
49891
50936
51187
51536
52249
52413
52622
52705
54189
54202
54699
56109
56158
56338
56725
56813
57203
57297
57949
58444
58565
60103
60573
60833
62315
63847
67976
68683
69485
69703
70781
74177
75337
77107
77487
77557
77977
78746
79648
80335
80379
81549
81652
82171
82317
83447
84091
85929
88045
88202
89393
89419
90693
91663
92888
92965
93167
93363
93382
94844
96087
96207
96592
134254
222938
224409
340952
347576
376775
538161
595527
730353
748017
891633
977224
2800106
4923778
7076607
7340906
9047395
39370227
90779074
173487584
69099206038
150338100951
481308935882
911761574708
6081691924276
6449344969708
39330794709542038
928895
927267963
4475003005
36370565825
505246782095
99644
99913
103331
112958
143005
145736
146971
155258
158975
159981
165686
165916
174728
188533
215647
237209
240857
266071
267697
268915
289012
291971
310025
312206
317738
320185
323264
327884
333029
361373
379378
381351
381807
384425
399316
399821
402749
404849
409027
433729
436637
440243
443297
448606
461155
469318
470606
479789
480625
484233
485491
494749
498641
500099
500187
509681
512191
519335
520852
523904
546545
554971
571888
588369
590255
600604
609485
620135
636889
641555
645029
652345
662693
665351
688931
695768
697087
708215
722984
725923
749141
782643
785737
791998
792958
797611
813811
819833
821387
823467
849759
861639
865835
878701
888749
889597
899259
910447
915869
918553
932968
938999
940481
960418
970265
973334
998549
1214379
1234384
1347356
1395973
1785299
1860467
1999094
2033606
2128771
3021743
3048482
3069993
3136906
3238773
3266156
3371215
3504589
3536183
3556953
3565077
3641409
3735357
3830399
4136743
4183615
4195871
4319559
4393841
4691209
4714159
4881383
5419383
5452529
5549668
5590169
5606663
5740273
5996017
6122477
6190168
6214577
6257323
6285193
6296279
6300907
6770823
6835429
6887446
6965523
7038963
7230103
7385643
7442654
7485333
7706219
7808779
8013249
8017654
8046494
8246384
8324177
8350954
8415049
8516127
8524019
8535039
8695223
8725181
8731937
8925835
9000553
9015967
9208807
9234598
9242513
9395343
9410957
9544064
9675573
9726331
9797177
9840241
11650067
13268876
15822424
17684347
20027501
21366292
22340763
23704121
27680732
30098504
30586702
31209481
33256921
33570561
36595511
38135435
41382476
42772659
43023681
51074947
51177113
51316169
51836561
53497599
55347003
61395731
61399915
63554587
65024759
66499819
69828829
73488229
74845058
76894859
79077742
84624271
85392038
89557093
89933351
90332213
91069763
91263949
93947581
94128331
95281929
99702992
134194352
183652715
245351528
300932701
321351703
336662131
342632494
432722078
453618061
469514524
476666962
486303406
489638271
566913362
583326365
589156691
648554342
693832043
702523209
704367927
710644909
755416745
758008396
774351461
802360486
836818714
860830655
862495457
925539507
996669087
1684687419
2111379441
2227113472
2241869669
2383007747
2523098337
2939019377
3307767633
3465335101
4121120162
4432488239
4974330854
5132601121
6618289467
6680475529
6790404337
7313035071
8052939968
8083198985
8117463727
8512866106
8669835041
8700405823
9715931545
14352180278
21867845351
28339724086
30048495153
32742651129
37278285023
43092140669
53023294378
53983732256
54678883523
55475677802
62469128481
63117108963
64915279309
74505460724
77300048146
82491727533
82794228455
87618361961
88359444341
91178189777
94116280718
96348690596
159866949209
171181820981
219023558339
292862731541
366523830215
374051706596
618698954996
645991590581
650334740435
680914747748
940159923932
973399790393
997873998038
1044116945885
2031331764129
2521020728542
2770125351286
2781155867951
3030000765866
3828782896119
4492394879617
4762076694625
6034693799593
6675125648421
6781859486823
6922785257329
7226994252337
9771762977224
17595525325639
19540106492459
41894685052711
47428748407006
48887092082143
50540638865679
65695117962406
66376957911307
77994729086123
81463600193873
84810126341078
89198470364893
89297657021786
146915657520827
217579147687144
311431747450325
370194666305851
482643866713511
576011693394094
647782067292914
869247680153686
916731518642648
4299378276878447
8051891386443082
18108079926408957
