4
9
243
5
5
5
6
168
1038
1404
1758
2334
2646
2922
4110
4398
4854
4890
5088
5448
6756
8232
8688
9486
27684
29004
32820
43050
44766
52518
52632
55524
68892
75798
89382
97590
98250
194406
320292
507468
540228
701298
702036
782040
874032
961374
1253700
1980792
3879324
4496928
4554186
6205224
7051644
8402670
9487578
9964818
23437608
35043870
57104436
82467018
233408418
264830220
302613090
443594190
836529864
899347122
1587937866
6080138862
7169735094
7752933942
9893900532
67646547144
95488992714
145853103624
3100973657586
10873343048784
16876684701858
610273844745468
1338816389798424
10
20
40
70
160
560
2660
40910
64090
83500
94360
909800
3687530
5257790
7836680
54550570
141992860
471980140
591722740
5771062820
6342860120
9249119450
9780488440
331018238030
97179229292478920
2197
14
392
30254
39088
77686
79282
147994
354676
401338
656768
781564
970256
1861538
4481834
5366228
19973086
64655696
228089806
5346996424
502942069532
793917528404
4961594802514
765
12495
284955
308445
373305
779085
9871395
7606557255
11107978545
61092771315
204870104775
47300230022865
17
483
3633
61047
157143
441777
7337547
186654027
3717854099547
638
1474
1936
2662
8338
294734
1099384
2034692
8961788
9554138
182338
424112
775294
1260844
9091472
9538022
73826636
31
2013
12639
73293
3773649
868641213
126810614667
561562857537
646
986
317186
7892998
136970156
855833296564
35
665
1645
62825
76265
320845
331300585
67792
852872
41274911148008
39
4953
942591
174711686523309
46
92
9154
76774
6282889898
12661725814
211803
392037
758829
8454423
55
5055215
18449192465
557859976685
8493
355053
2339679
3074
80272
425089946
1075574337308
7744381624612
60574
93682
5437299932
9828976436
23503223838706
6720877735752458
65
7012655
922323
168971409
71
8239
3903977
489213571
7689738272
85
830932
9313192582
40232
152910005
7502748215
7895737981765
6536941772
62493
450878
59902
410896
48380704646968
28063
6553136
8683480804906
137
746877
8604243
4047444903
8638975671
2299603948
3289
93626549891017
19625578858
746310788
193076721
340395601719
20342651941461
3171629547
712
80662320409
194
86524
817481
6641617381
31615438
639
2971989
56545
2961833
4391174
685689407
254
257
556
749907
7082065
2611394
319
326
2303
1920992
7684685
141728425
80726
365
394
433
21235141
469
463517382790297
17163883
4995190034
244001
21261034
545
565
5157
385629
713009
587
3208406101
626
647
5218546
669
771
793
799
862
863
2799
974
51163246
93265625036855
683399
995
4184
3483827920642
128029
6614569
621000313
2612
1349
43712
8798905
35080268
1717
5409
1873
9725
523913
2734
2777
54952435
3548900931277
3043
3239
1186607
8615209
884836762
4687
1555369
6899021983
4822
13991583
5623
6595
6683
8070413
33674683
8546
17428
32934066711099
8929
9001
9083
18364
31435433
9497
541268759851
10553
927374574206
57803169
383206397713
78781823
60282663274
15491
17269
18181
11557421222
18597
18611
76984
58257
19627
46340939687852
91384
851962479057
25958
27614
9556517535483
982866391637825
99027
33091
33169
34369
38842
90884
51251
51998
16575198311
53518
65095370645306
79006
86063
88593
215319004916
91121
82510597474
93727
96877
108957
820116875493
182263
406004
205619
207226
614693222092087
194128771324597
239523
242833
761031
764523
601204
345237
355543
376439
439391
477061
479537
5544384938735
565031
571763
5404604587417
9985504
629891
657933
691567
713287
774331
782893
783413
3524392
894391
933638
937985
940679
966403
1128469
1307902
63636863238223
1965623
2138351
2408899
2788195
3636355
30267251
4701751
5808623
6614251
6614765
7277261
7416611
7926491
8537469
9886454
95324747
19399546
20083633
44711407
45479059
72749723
79941857
81657293
84178685
90987317
96484291
199583603
458402939
530390891
615637241
631761554
687025831
779879281
839208449
904717563
1280800282
1919574583
3943654873
5364059986
9026722981
9044888035
9389363461
78508794697
97116619143
150085284661
759691202698
807561126928
808988822147
39754087275188021
923252253437
7476239170952
44686335533727
60747896471739
70396512504902
264195193021423
939297451108712
8631528486385153
