2777
3548900931277
982866391637825
41274911148008
13991583
9556517535483
937985
443594190
2303
939297451108712
5409
4890
6553136
33169
713009
70
12661725814
302613090
424112
855833296564
6342860120
9554138
46340939687852
5448
9001
2408899
20083633
5157
204870104775
899347122
4701751
264830220
1474
1555369
365
284955
3289
9893900532
1980792
9091472
5437299932
194128771324597
746310788
308445
294734
820116875493
874032
17428
3100973657586
775294
4481834
970256
62493
691567
5366228
58257
713287
17
2299603948
30254
6282889898
95488992714
194406
65095370645306
90884
6683
7277261
6899021983
3773649
207226
193076721
8454423
2971989
799
141728425
863
702036
8338
782893
38842
665
28063
7684685
71
326
10873343048784
64090
940679
7337547
2197
254
8537469
57803169
215319004916
20342651941461
9026722981
560
108957
406004
483
2612
530390891
8961788
479537
9538022
502942069532
830932
1717
93626549891017
8929
477061
656768
779879281
1307902
5
4961594802514
2339679
319
7416611
1919574583
6205224
463517382790297
257
966403
9044888035
8232
793917528404
1260844
4110
168
11557421222
331300585
30267251
4995190034
4496928
23503223838706
1645
35
631761554
621000313
541268759851
9389363461
5
56545
765
3717854099547
2788195
59902
12495
19627
1873
774331
65
141992860
31435433
98250
18611
1075574337308
540228
3043
194
77686
355543
18364
545
79941857
99027
9313192582
33091
31615438
21235141
3171629547
19625578858
746877
17163883
4854
79006
63636863238223
4687
5544384938735
759691202698
647
128029
439391
1099384
16575198311
657933
1920992
933638
904717563
91384
18597
8615209
92
93265625036855
2662
5218546
79282
317186
712
8402670
3687530
1338816389798424
3633
43050
19973086
4391174
922323
701298
94360
626
340395601719
39754087275188021
3239
5364059986
401338
73293
136970156
35043870
10
783413
433
9
199583603
523913
1936
9083
3524392
9985504
7895737981765
44711407
51251
60574
8798905
48380704646968
11107978545
84178685
489213571
2660
884836762
9780488440
868641213
5088
851962479057
6595
749907
242833
2961833
8683480804906
354676
5055215
168971409
8631528486385153
2611394
18181
9828976436
75798
410896
779085
565031
7689738272
126810614667
2646
5404604587417
186654027
51163246
12639
3074
425089946
320845
68892
441777
1253700
2013
54550570
561562857537
52632
961374
807561126928
5
244001
986
83500
160
80272
1280800282
31
76774
90987317
76984
44686335533727
7752933942
471980140
233408418
51998
1965623
392
91121
761031
81657293
3879324
1861538
182338
7082065
20
61092771315
7892998
23437608
239523
9497
764523
601204
782040
5346996424
27614
3208406101
6641617381
205619
557859976685
771
7169735094
793
264195193021423
76265
469
1404
228089806
40
320292
96877
394
82510597474
54952435
781564
6614765
6536941772
894391
1128469
157143
4
6756
80726
669
1038
18449192465
1758
44766
8546
571763
67792
6614569
392037
638
82467018
55
383206397713
942591
6
3636355
2799
6080138862
19399546
57104436
4554186
9487578
7836680
1186607
4953
385629
7012655
86524
55524
35080268
2034692
839208449
174711686523309
10553
4398
145853103624
355053
450878
33674683
8239
40910
72749723
243
7476239170952
629891
89382
17269
64655696
9486
211803
67646547144
40232
8604243
27684
39
3483827920642
3903977
836529864
2734
14
7926491
683399
376439
565
458402939
34369
373305
43712
46
610273844745468
808988822147
2922
974
6614251
78508794697
25958
4184
85
927374574206
9249119450
591722740
9154
9871395
909800
29004
2334
4047444903
345237
70396512504902
150085284661
182263
3943654873
7502748215
9886454
646
995
137
62825
331018238030
687025831
16876684701858
78781823
21261034
45479059
73826636
8688
5257790
5808623
96484291
556
8638975671
147994
61047
639
507468
60747896471739
60282663274
97179229292478920
97116619143
5623
615637241
614693222092087
1587937866
47300230022865
93682
685689407
80662320409
52518
8070413
817481
2138351
6720877735752458
587
39088
97590
152910005
32820
15491
95324747
88593
5771062820
862
9725
53518
852872
7606557255
4822
7744381624612
923252253437
9964818
93727
32934066711099
758829
1349
7051644
8493
86063
