4990
183652715
8600
12735
948
76673122422
8350954
10209
21836
323264
494749
895235838
2303
873520
39
86230
1142364
16849423297658553
1324
16886
3556953
67976
39330794709542038
579290
761816
604
8587950
64128
366523830215
2770125351286
96852
36370565825
268915
57297
7037
23572
33
347138
7720
7169085
702523209
28339724086
33256921
6667788
22340763
6770823
90693
531380
2016
9715931545
93167
24532330
9771762977224
3391
8643
660230
891633
84624271
96087
251616
840280
59
485491
38135435
9000553
8013249
11748
22451
7340906
558131436
42772659
6059467370
515607678936010
443034
29304
2521020728542
11772
858
9052
4393841
951
58565
4442
5606663
48887092082143
5630603878900
43
8512866106
1684687419
972826365
7313035071
85392038
7868
432722078
9903362287126
5740273
5452529
38955
782643
6415
748017
9208807
196
381642
620872
670
488
90332213
49239
93947581
51836561
4508170302
755416745
27680732
8531
58845539872296
231810
41477
94128331
2059
609485
333164
32742651129
1951
645991590581
96334
17177
370134
5893
96191661490
7756590
862495457
6259
8995040
23704121
113778
319914
3308890233
910447
4195871
3136906
99644
329535
392
831908
10068
1780271225808
618698954996
320185
54202
44063
505246782095
8079468
17872
975626190
51177113
793998
807
8324177
3940
96592
55
89297657021786
79648
6718
54189
512698382
11650067
3410
1419
21417
530350222292
9411
953694
91263949
4924
868850
966735
46013
3465335101
1697911772777712
524
857
5836227252
288
9762
37255104
89933351
12534
19827
1395973
69703
8117463727
1222
4
227722
5
9410957
2781155867951
823467
7371
5277
4825074
829
60103
103331
31209481
93363
48624
165686
49596
888749
99
16
792958
404849
6884610
7485333
55347003
3307767633
704367927
9942
34190
566913362
34
640
1214379
78218
90090
159866949209
5132601121
77557
7076607
16513
55656
999
47020874715
61
8415049
62469128481
3069993
67005824920
838365
966833659362690
30276
6144
4691209
76
24985699634
74090594739
500187
2939019377
2769206
818650897440
62
46052
68683
657642
213048114
464744
697087
995
54678883523
2128771
802360486
600604
568340
71
43023681
95281929
878701
8669
8669835041
4762076694625
370194666305851
95544
453618061
479789
7485
366849664230
88202
60738012
92965
218981114
38674
928
93102
88712895537
70917
973334
28034
52622
8516127
37278285023
2523098337
32543
159981
924099
283860
1289
66376957911307
312206
2800106
680914747748
126
2471
708215
7808779
4923778
201078
3735357
9544064
927
52
546545
589156691
43350231770
6257323
6781859486823
8500910
145736
785920
94116280718
3784
38537
826774
695768
652345
310025
72094
57203
98756170
889597
4432488239
6680475529
47376
76330364478
171
2241869669
89
89419
489638271
6249
1028962
66499819
79077742
333029
397
4136743
436637
32571
688931
8524019
4261
56158
29
21586
317738
669
41017
224409
81549
9856594
17772151381398
8017654
8915
214
464130
1729186298
84810126341078
648554342
380001320
77107
399316
96207
813811
1676544
12122
5
1234384
18108079926408957
69485
336662131
16814
6833277
2599
44995847658
6169
18232
54
7795133456
4656388
87920
13093
7756872
66
6230
55475677802
9242513
27296
620202
519335
636889
728546
402749
80715
538161
970265
848
51316169
19540106492459
96348690596
41940
11934
5996017
6965523
3524
8729922621
9
61395731
37
78
35
291192
4224403995
8847
6887446
43092140669
8925835
8978
472840
571888
9840241
38209226
747126
9234598
8695223
150338100951
9797177
14737
92
275572170
6922785257329
550341
243
381807
52705
29719
583326365
282542
266071
8246384
53497599
36595511
3257
361373
836818714
207834
1309178
6464
74177
5804
9221
80073
6006141920
32169546846
9015967
5568
6790404337
302
9353
100610
36704
470016
749141
57
7038963
647782067292914
590255
307164410
289012
83447
520852
51074947
409027
340952
6296279
5847
13221
448606
8632
512191
51680986
484233
5277072
938999
88045
18582
55
4492394879617
3292
61399915
85929
9438030
282080700
78338
58444
596
91069763
9675573
84091
4097922
1140848796
5749
8461
11604032
554971
1999094
9691790
809
500099
143005
62751240
481308935882
73
8767
791998
725923
46723
121943748
927267963
911761574708
87618361961
899259
87
693832043
9506984786
88928
15868
28
94986
5202
49548
77300048146
747852
758008396
255615825
7135990
300932701
64386
88450
582
402984
3238773
975509251125
944
224068
4786666755740
34
9047395
2362395
380041133450
920419999270
222938
237209
2383007747
326
72580
774351461
173487584
342
3631
1005974214
57949
41808
301063725
960418
134254
77487
55700
365796
998549
540760
146971
63554587
81652
97788074430858
424848
620135
80379
2321
6836
41382476
6449344969708
984
523904
85602
743
710644909
6
695232414
9639399
3992
3945
3504589
327884
56831500
3030000765866
374051706596
8700405823
4183615
53256
819833
6856390351509818
6835429
337
14152
3371215
5590169
75337
29523
509681
21435
9879761880
30
8610
54699
1979
66
39370227
17684347
46149
56813
1997
87032
6
3021743
342632494
49
7922
1603
37720204908
56338
44489
3471444
861639
379378
595527
44068
7706219
43235
894
6890
818
93645046534
3828782896119
240857
557
869247680153686
461155
32071
7047
53066740
6675125648421
455
4974330854
91
158975
436
77994729086123
480625
629
1385466402
928895
5549668
49891
15339
2227113472
4012336817154
5841
11901
916731518642648
112958
81463600193873
21366292
7385643
659
4548
2166067966110
6300907
22485
99341194269975730
159421682
32914
56
1827
22159
3830399
7754466
6639
940481
89198470364893
5355906
78960194988
219023558339
619784
48970539334190
4319559
6034693799593
8061
2102
509943
4121120162
58758496050
51187
1785299
19999
3173098550
641555
6190168
50540638865679
522822
2033606
7052
573202830
14352180278
17595525325639
918553
47752
885854447849877
92888
8725181
35339
70781
977224
75
20027501
9306946
7872
825583720
4081
64915279309
52413
2917218
99702992
4881383
469318
81432
21867845351
3565077
89393
290
525195
592
443297
1347356
482643866713511
20898
41894685052711
854722
7209074340
981
8535039
99913
76894859
52249
6618289467
588
367090
446
128564414
30048495153
944
8
1751
7637178
8052939968
30586702
24182
3048482
87646
155258
932968
6214577
6168
99
16775
134194352
45987298
55682796
9395343
682908
694070
641118
469514524
6122477
32
74845058
665351
7828
1860467
6975111458
4299378276878447
60833
79640
860830655
10038
61
1604
188533
7442654
901
316
973399790393
827937
309657396
98340
376775
7124846340
592700
915869
21935
3641409
645029
72632
26866
4744990
56109
537
40056
82491727533
42763296
73488229
31487160
392070
865835
78746
3536183
50936
15822424
59911401
53023294378
63847
835
722984
7230103
49414701108322
997873998038
2220
2031331764129
8083198985
3266156
35709
6515
91663
5419383
96
85239
7089180
60573
53983732256
5180933445
9310490731866
63117108963
46984
942215373
311431747450325
66507
996669087
65695117962406
5093880211554620
292862731541
94844
232374
103726082742
9758716
476666962
113274
925539507
588369
88359444341
1705
662693
165916
91482
57962967934632
785737
650334740435
498641
399821
11510
7289450
8046494
245351528
47428748407006
289
56725
89557093
30098504
86406268044
470606
36712
125350
84066
55
16895
90779074
849759
991155
82794228455
821387
267697
247386
95134
35370
62315
9985918710
35041798
4568
725
8731937
420492
35359
150915
486303406
576011693394094
146915657520827
2111379441
13094
65024759
4106
61
6081691924276
634270494
7988198174
1653
7226994252337
7720966
7712
174728
6505
69828829
7829526
797611
39347
77440
91178189777
730353
139570
440243
80335
5868180
48973115772
4475003005
77977
414392
85421938722
74505460724
347576
4714159
80062729096
433729
862692
82171
1044116945885
791
384425
33570561
82317
8896999224
13268876
4176
7813
5663
9362
93382
217579147687144
30143928
484281
87413018265
171181820981
51536
6285193
381351
7410
321351703
2899494596804
8051891386443082
215647
4423962864
904
9726331
1124
291971
69099206038
39260
7303
49411
940159923932
4748910
