34136900
864190
378210
5
536367
55555
567
9
3512
461453
833552
876810
358075954
51628116353
9566884
5102457108
40660
679939
13397
2448
6980322124
583477182886
233090927379
93129
2678
25569
3576
410374182
48378467444
38830
2931375
16326
358530324
4995832514
22621
5957
567825100332
4389
1818229
790981
72809
95767558
60745
5002157
7450285
655051293
2396970917
9296
90960
6785306
2262
21652092553
27994
9871
1264754082
30855478
38771404
8323
18576474860
21452
7919764671879
791105
368761066
987249
7159148
13935382072079
648
410
92505382711
495310
507
930144549
108781
6868
6647
94556511458
475
9542133771
82329
679
744687
99294
8264852
7999
68497
331524
55901
7129289
8943591
767304141521011
4532426258764
617
567378461
476957
772826
6872
9783
7953813
52
72225
413053109055
13313739
6427410
48175682273
3415581348824
2491
413
863516812963
4050014411
2822262834
7014803424
23
31775322
96221233
2317058781138905
5708057
81057591
2377131
211873
62887
65063
1639
68063706
703301
8508
297054
228414
501823488
9807
75
7674
953978292645
226905
56210115
990207643
8685318
11327
285292486
6140089
64499
482
38089618251
985278
33026148
2469
5917
1684112
58015083823
4543
671005
2333897
74492
590113
461
232
4126768
852690
7989231
23538489005
30960594
509924
213
37
563627093
68343491684914
207067
638
8175
49449550
5438
156152510
8666
87924
5730
2246395
5326630
775490124094
83121986
482
22475
67447
6731249
904522
12766272
415690
2538619616592
632
409071
27606121
556008
675756
8972921
41855
2434307
93299
2104834
3551171422005
18971
9681042
2299159663205
68558914
808984
347741841
912568
9522130
5643
530
6720
371003
226540585
686278417120
956303743148173
792777
26698825319
27225
7353
215749988777
63335
525
6878628146
1990481
4493960
297798
4802
7002563
6091816404737
37866353151
9970621
5022620656
368
433131448391
8615961
7064213
80030
638065839565
28837401437
948
85656
422779
772996
91517992058
8396
64571
9681843
998127
421399
370195
1196
19408
53148755130181
9199790079
852697147830
311059
792110928938
80956493794
64942720612540
3092
30387
86750194
943650803
815
994818
3372436162
1163959
905
5783
51741
498
5992
65507
829390
51974
3208
1603910
52147
21273138492864
612309986
4
16267431
234937267
8322695
338961
5520180
691587
90245
63662
431670
978585
750
296533
92266
7378093
591769618466
85825
95229207496
45338
37293309
9666
2832
164
62784050
76185
5556831
501974
4148
312443
12848
8887
857846
6618155630107
77
8184430
7192367
7268785
97270
2145384
75044
519223
2979808
547797
87127609
5635130
471667
671262
707291
8534
427
9618789
36721095793
879713822034
7227965
393844
812
86352
8355259
483856
8847816346
79815695243149
95829
7587944
6765217018475
92393
117590991
1821436545
50500
45891658884057
4860362123
89310
7152858516292
1768372287
7929055
827
204902
234503
24
651013
18
4893850
74336
6159
8580851298043956
159202
9329383977
740107954
72233
22240
42191
93671325783870
7547407910
829
17639732
177074
92810260376
97170298
3976
5688234
56675242
8645
208466362
568161
8757340
6151024977245567
7290184287
4676
3203
37763012797950720
72425753
38195468597
66132
677
3273
3433
8117
505036338128740
153939
4796
2110
43311
5386
59009014993335
265937
709000
217918
692850544541
61183
510173
14857
4803898
760586
326165284
924769205596819
460297
567786
372242
626026
45755
1085
3534431
198823
833743
14365216089895
49195
64574
92011
52868
41656963
783544
8560
15795959
3509583288438
66942
7239937
40
885390
343271
7355
323473141
159157539
282545
18151
28850
2117
628983
1149885015
84500
653816
241924
46781871504
2022
457510
445746736
1668
97695
1700273631
6453323
690
4502011
173147
400278
9748
1134119
578611370
8338672274
32804
663793792737
3796724
3449763628
554670296324
77266
9391635637
5467090
56711342
5710
22545897785261
933051
2292677
3564183
73425
60971
318382494476
3868225
44663
554726
80995229003245
426996
48190034
814883434839
9714
108
903294583
80351
1078314767427
47440390
8553027
8845
2816
4
1
280756
617213
99222269844487
5904
9587793
10076247
5659
10
39858
45977
890562
8551
1045622
838341392945293
2603573
679135
99879801343
42796496
60077980417
42278063581
335
9622666942
8667
983287
84584656
26342
986151
9293461
5539731038
2477
43670
23540979083
8812483023
8774772
471546458
75945
97
755
61797204
73866
198906
25905
7338805
2208728426464
4106
414637553
79367
857
571699
9445009
775546903
18575
8400592
7467
157871366
62149
15216
807145
3594248048
7141
760922251996
19161
546268
66716
439393
54109
38
72296
29001043297
3943325890
379170747278
71083
36527
4555683765148
774
443702
35378
6666992
344928
695998
958361597
85
98325898734027
458842
25759086916
16743370377
52227265
917254968565729
1977438140
398931
6000670
91997
8226
99013
52738
14677
733832
74
122
95565523
3511715196
1312817
2729488120298
106265382
31
4354386053
426113
929082
272866870493896
23083471
768457
8366965
3577675022
66416
3868054
6419302
6615
648523
267224
50675
3766753087712944
6328077617
117583
977432
840475832
36655945
46799455
9202
2789436
94836659600
3
44729
35241
210539
11655969
6768
1428718
134419
96795038943883
8222514970
35741
47434
162578903
866296
3376855820879
51011050380
348796
4267
2710140
5425838383
3021
3838835158
5427446
75416
573897872399
94082239647
7782331
279
6535518295
937081959152
116138
60765739783
24532943
22595
21947953
5557234
4748074
93498
31820
68984
2864549
73172874443281
686891
232169
49362
4083
25751467
79703
1047306
89273069
9410
51089
152121
7674
73763
95866
381
485
996859
233732682
5946
59631813135
7134033265
8726234
20325
733235
16547767396
7256787
680390
7651419596695
2490
3483
261565
794095582
3448758711
98011
90
924302
8598624
285729
8823048271775668
5055852
6038828333154
922001005845484
847
551482706174043
331
8367
74304
70035405867
4003036388840
364238
4241
994559
574056
959
197667837511063
74258
365639
28735
5657614
786178
939440992
3526939
9712517311842
551892201248041
6690150
597008
967
8149642470
7547
294938
122000
23792521148088
24607
6677221036
1225853289633
86418082
8847
81000217682
59746
2
924
459070050
709710
130614
6343989096331
7293066
26037
5865
89757014191619
14655608160
2651631971
2176847
35907
9631
299849
26
20754
17958
3982815
78780
100
81942416
58557
35585751342
1680560
1866506
2625294
547983914153
70436
9900298379
5682
912194
661
11153
24
7945952
7908337
77466
595574
74
55707
219150718
573
9594
6545532
762732
197956
33884
8422206
10981
70190
1851847
846206
47786
159693
42816
361671
41501
64998
1926297191536
44771
9828366112
30878
65702842644
497716319693
3222
668540
16822
567156
976270
64456058873
68214779344780
385543
433573
856205559029312
3502576418709
281022
9892
85031613
19982
901960
606262863
151238377917
8804387196608063
5777435
455498834
39
7286039879
1708055092931
227
1136
368972981765
4933887
470761
1157732288956003
20
26527
388
97903
602218804836230
540778
8326
941146
8033
583843457428
926797
958861011894
6686
44049
2817066
75585
3281465
870185
280401
96636402193035
790899404076
3155
1066789
761
7970874656906
2679
226226
96995
516462
4401454
536027678
1697627
58655662
5435213368
924547
77590
29871356856
5381
55765
9740625767
4214822042
60157541
3703957
243300204259
94354818
2465
262742
928
899
1124485
695774642723
10374
52089
484976205712
44358
79
960
13128149457
721714
36275
305759
6963
95
806124603
258306439
92834
9747816626
575386
56065817985
63569413298
88351
9376007
724036
536131683850
41304082
2162
599014
5141
742648306748
774776
6770
161656
658067
5280
915079566
274267
659427257
9900
664
92274
5022722944210
39567
518230
6017
7456728
16176
87
621187685
5018
208580
156651610
408181553
593216
2640113999
8149
77816
341797
8027352852
45002
23407
2815
823289
8845755
11933
37976
112109180
641
4940277298805
4131737
936320627543836
2333
67765
7862
128
4257420714833472
5271466
60
8895
1958
4147811
513757
6256302
8151437746
643413364
36238
414738790
67947
5787
610
433004
2674407
67988
79669
3166762397
48221
698387
640586
469225
71941
21133252
8332871
65545916
849
51319
37945870
57012
36423
445792
19988
428616
482382
953182029
1330762
735
7048221974
179246
2984
482250388958742
503312029579
96801
59728771579
8806
44416902
242911638
78
972037708
989286984503747
6336
2920997
51929
78539714236
54997
7123
88370
3007
3914
5023665
96491187602676106
9741
266207
906822
3299
7815301
349737593
957851582
33791
9603948
8053132032823691
6483
96037
45147
15836
60434744215
354027
199350
34649
5107689
97059
87426165
697144455148
783179
4906671
38
214766
892054
3106
29748864
9853503
92008
787374662449
190
50305947826434869
415429
2554262
45576
4175
14464529
899500
3989257
59169513
6062411969
6609819047514
3804211
94
2511
189877
970
853993
83638685
74348100498
10084
9950
4
1147132386
62754750905876
3702
284511
51897
728108458
99693048
64852
7894252
6394927
6557
5292337
7115021
596271
2706593
9749
3519756
5871170
851961
86113
536614
621049696331
668999346
715024834
165081508195487
97132083976944
50852
28687
594865
6691
9567
4793
5373312
99229396491
647108
53419
6734090
2631401
222961
481223339
395482
305616
13787
376091
54480
2772311
2635
42245477587
16947834304079
9384343161505
11765
977865719169087
1453
17305
939
5437171
936177
80693808
4314
662701
77
295090154
1886778
17307
309077
40718
325767691263209
19367
494
5335
139244655553
154
515551
293216434926
7484
42605
16316
4007718
7142
35878
222046
339979
5343088682972
7378589
5804251468
768970686092
63461
710855536539
126
4068957
440535
77755107
7931
598138
84193
5909731606
9891156
28430049582
165020720
6582200
977278576
823591
76476481825
2622519
27018
54603
19064
98032
963
217361195663
41444514
8921853
146618
75377
1299478
49961
836103580
805305
401408078869
6177
9867
9450
87816216945
379551
544371309
35973
754541649
668477
889817
59005868820
1970534
8785490
6259605
83837281921
14642
96361908231568
4277515578113
56755
75514662
6987084
85490934700
2134883
79513485
43507
86709259717
24276114392
26804
39673490
881642374
79155
585
288599647
80177
60617942
7786449
705523
1010
535068
217442
523680
550814995476
40208
752125
16309693
295732362
1148238669
870228259584787
93526629430
51
84592
491035
56106
5866
3613970861844
3863999902945891
3
194878626
304083624651
1764886466995
848911
602716
32658
119319762
22622
5253540
95
1214934
595792402848703
18128
1190
9050439
53674
8613
622240
933033674485
116
596
40293
789695667
951407345104
154538714
312603
210337
2218840
506
20046
389245
85928104
3703
61866568
78
6087
66075
6504948969
8393318
4525273
708059
15636
5626695
49315
996887
42401
9964481
7685
2406
5049725
2506290
697232161765
6174799
30429
63954
304
4254434
357860435
9270
420719
37729
248
45
7455080
8649591406617
21776
75241663
234520
2201040
188723760749
606856
5309
2
2793708
8907
84954
93539134037742
7606
78924
5069826
848611
11563557
684899
42648885765
473
3398694
3184321228163
123
9561
82762432992502
48788505362
7100867691
442968
8827450
72795
10441
938912
991278037603
730
566
33903
79074
561220668346
53075
375
177120
944277
79361789
178339
6298172
998929
54800
1977941976
7949
1254100
672107237
32452322
32627
741724
19
58496
170770
19538
2398
9319046
64158002
5091219410876695
32355800385
6024769
57134
9510689433
5995319680
59208787698151
817042
33564753726
375528
81778
592934
64929602
5640871
276
7664771
78
1333
9551
531812538298
4321360725
576018
170392
1415477
22
44021442041
105645665276
5665
175
28344
8140999
2060104
8057373
261875
7123
467
575
408348
4503
38202
267925582745
2824214
38684
53292
36199347
535046
412147485900
301111
62823564
5468239032294
44958604384
78383641
8380834795
708
40010
99638422377424
737790270
769589821
4495
2822600207845196
72750
51427
59346391
3422571
780589175
4296
654
110486808
88683
544794
21147
52968891864
80908
14606
878769
1825
4789
9370660
55203126
34297
208348
37693794
26719
76794946
7592
98546093
5988086603
7570098
1052731
167525
591045901433
1869814
49103989
62478618
763764670
801261
3171338
45196448
54350
129
505608
858139
698319517
510661458990
2239461047800
25
2986
643
5534
164727452
6341319
621
364694478191161
75730193455123
665
720024
2595
2539380
96385197626
263644
7505
75647588
5577
2112165096211
98756
40696
12761135396
364423
3580492
72108
4282732
297580516
329
2835364
5053373678
616206
8592718
157937
35271079
77920
319
752005339
90807
3549
113344
96640
8471473
1530
301
16601
51716477452
64277
940132405730288
8090354396560819
5261676
478287
290
8081371
227613
24049
669651430986
67706
549288350449
6794
260285077047
6582952
1079
908204
4675079
7410
38229606
74496965016
821361237
42600317
267758
29990
4586618
264587777
53652
7504340
4213629
87676637
28495497
28418
54194
84247
261853
2671225
5572633
795634
4999
620653
8863087658
355952
895132
7501411818
22290
12417
4182
49263354415861
953847
1251140
95016770
251
582895985
88150603347164
4125927
82466695792
631802
858986
388741581
5956714
745419
97
6383942035
6442839
947253
22249
837528
17550
391
57818
775344
417
326
12716
4206
262343
13981925714
79514421
395
396386
5971666
850284
8983214269
57091
1056373236
5474388613
33550963
134669619
1242631497269
35559
20576
2489376
73105
886675
1327619766
476028367311
60559164069458905
70284
9760718
5181672
83262818718
1031077947
15757557470101
3872
883503
3335582
248857673
4374187
644346499712
2577563
8949
3946114333671062
252298
28335015852
68566826569937
655431
56002
92946030799
9668
7720491688
59291098378
62757
3536543653
9558926676
3187457
44270372
861917241751718
7518261106
312710075704291
68646930
74814
17474562834
1
39088472538
24536
160898
54191676
19969
1178
121
6133836
817929
35017
80574552180
537652
126974
436121048135
599801
95978084
29252
83396
64
66399
9430374
3307
592776
7232
395410555
9257
66755179
3607844000
818231
55079
85915
396
475678
93187
556
1953
5137578
28650214
5054082004
728382
5651475374665769
8749475
497616180122
4733
3305339
71947
11683687663
17348933
66594747932414
683199409
894727
31933610
794681
80989756
7661035
7481409
8044495
14902
7302
9622676519
22398308
3095874
288054
920641862
209636
7031251
92423
59742815
96888
607
6
826
17149957
3638648
1166
3799028
204847
34962502578787
1885
58736
941302
28102110333
77493233960
80583738500
2925093
200619581429
49491
1323
28917
16691
56403
6282252
139172
25715774
12594
38892
641152
7223
301845952
53584
61808
236096948
988218817
2182
4618545669
2366
4044100612250
6565
781
3124
95961522
9864242
55825
949834
92777
3218900477526
823359105
966262198450
333268355763
24785
534
5454241
539
92376726
86326
2977945
1792570
3571
8207618
6588865
917
26372480
800519
7785553167
42738853458221
4688760
44785
96
91275
616766
13666
100717
685177
121174
649123
2409
7697245430
329376
4162
642270
896469
9060024777
8471940
65820
59003053704820
6454
954102
893928
729921973074
87363363
503175301
7311438355914
678946
122234
508352
60121749
473549
5938942
127
694109885314
4176
788685
32577
597703
28
5847
10430952
75879
50622
8176019206
572196
8902
583737898
397221
64642
1093
18575848
8971589
5178609911
476
482803992140379
638799
5301
435650127
8465
5327468
98
570389
676216795
510
321266
2979
17523
31869
38833
1
26655845991605
7736489883736
4786
78291
7624457
95
3253
42776741938868
912445284937
4012147707300
5359
1284893
54233359
6087790
7298082
17129
43162
1301
380154
554651
196337006166229
3816691
1621
7162955355
243623
73
53593
20359914258487
3519526453
634337
62961
6542
176829
110764
2164533553207214
9205
467799
3433874
5494
180547
2299639
770139
261544
985776
873104
40788590514
7997
309161
49468
17739
46564
32140155
324668939072
8620
407405
3
75740049805824
823135520
5798092
77185
163308
4377845
317
7501
5408566
60705
357881
41366
549853395
9113
487
14793829
30419660
54042522
74
43446
6437817
3832
63543
216594201
4441
5448
3502
881278
20637744808
8667
92126
194018
95879
7042140207
5898
87334974582251238
49133
25296899213916
6557
4113945
27285
8731886
93938
57624
68
68777067
6492106
2427
30474
2639819323
86757646
2756718274199
3646776802842984
749866
208
637
1360947
475928
150129
9818
91854
663199594
738993
