7955251
182762003
4863388
203003
623597
24663
42187494160
3829
7704923
93726
1802
2357559
2378706
999751
7780
929290332
508
5711
9131
667
455874
1484061
3139
35616066077
8808597
207
89686065
14465
2106459323763
6477134873
6190358
4282
6349
830
481255
174788376
115027
565154
977
932165380380
8185893
4628
3412203085429
793231
568452967
46430
278247095
7082440
6831
34270
6484123712
8083
8618
795189
184298879248885
59977
3601
8613136576
7439172
60
20083
9810801
21529
980
5300793
7619096
8341038999
660467
9631
3028171
14624716
29585
741040
18733
712876
13885
9638358893471
9337038789
37423181
793310385
62210025
519373
4000193187087
5557476
552570047483
107259
42584183
594660
884819901629973
35511570
997505
915537706
2716068952561
2025
8636
16336344261
99335497801
1666
8558232356
85188257974
39044580
47750
3106355
75035183
3433668
72359
3674697538
6300081
560037481026
3748
497637672665
2716
609726
2560108492
29313
7702009
514509
32871612593775118
3510
521275089
528924
841507393172
4055
995247
326
879122
75
2927
370500293872
51358584183934
63967349
506807
6501
3955
7682148
841911224
8269
49481536
7675280653
790155017517
8497
7722082
6156
118
59078
94622368
7383334
1933
537
2241
9029205
711337322152325
91823
110402
6436
558252868167
936323
39043
656029
3366357
6633842
707282476
810580
279578948
24320
74719
280
5854
298139
826
30765151010
95728500889
88622940
9271
3251305465243
67656
6734
98354
689868
9712
384773142
44902
46214
87980452
944384315846303
71529
440590
37795
690144
37581519
867
8559
996460
877
26717
49641320605
2806525
857936254
40625828
44769
8826
22
932
55082225468
6469
1520988
980
33275
682880
81767
2822474
397
66915931
7838043
566346
90082203124
1132263
935682
21
284538918
140433
96319
381
3160471435
960
730104
7466
4382
52414
22261
9634676679516
2343109
7853
60
460
343342
2210
956030207683611
142921
15
951
874756984
783979494600
41806
34844540
80427
59700
70987
89770
633
65808
2722
615722914
9241551
61055
5035534
8265493
926275303
419525
9690
3143
82101
877276
563
9619488
272303244154298
33
81
951534371
486809
9274039825
378138
5182700
716820737266
831701
659262412
7041173557
528
1837
972001
75
742
3974455657
528313748
81398
457654
384460
9950059841497
3326316
558
88246510
1568592917
3889161
79726935
103099448992
63882
32937
718378
98357311
848064
26224
97574915
81813
37890689259
14166348
4851895
70194143
5889357045
48403621306
5295667
89908
27922
15315997
66593
207509
3574
70117
1902875
12455
1178287885
3103469154432293
133324005017
570447079
899714
419239
92721743226939
570434211
81985720
44906016
4238
75612861129
228682
6388
65929373331279
307063
5396485
6063
6940681
1727842
114885
480842919
77225731
56695
1146745
1712
1037994
47132
141455765830698
780039953
492712
214655
8209212
645
88810
84466
5909473493466
9660
1368569627
20264
713112836485
920588440
465934
614236
816390
17
4209399
5701101782708
606731
210229
8187
71062
511050394655
3381965
3584027
294820
31977
797772
2268135
4953961
248267917
62475288
2040190303684
188525
413239
551846669
862
470802
353828
24
582
786858
139886857
658310
14720
53185
91797
73530487
117181965
4085212
45299950
11028963430854
152922
67530
938694919
494273480797
6005460
46715
90709
7595024
831079355
9207291049
763
59909356944282321
1344063
5074086
98142416
268194
1318666
8621374166
9857918
1617789
7529335
6661639894876
67174272957816656
9905
1291842
60389348890
4507
3962878518
59658
4855148
522674
210317296
16184
809
990499
820
417665850240218
741416
1367588692
222087
54099896511
175
564676
3108
6385056910
93879492
97495
97793115
5226968742160
88526
265104
366250
176328732795
6591160
79984855720
614868
17659
812
60195
822
8460
271391
358966
37737
8489580227
10872636
575
488
387568
95048
2577921
2179320361729
44327326994
2421687285701
337949
46344027
98501785
8596
305562994788277
46
32010
95412260
4208
4592920
90
34751
546172846816
14012323
2828031
415701
545609359
8906495
50131
924204276
682728836
648
8373
275323
51
71314680
84049178
542719328
588924373136
26573474
4031
76125500
49919
7233621
9445384
36309
139899
26734
3252721338
990734695
8236611
33424
9550452
6930
11782010052
118
48286
35934
948350815
270237
651001785
36060520798
219529338901
19856
7132649063
594094220868
61997
69955
30
66850687788894
2263102943980708
29899401
4248418990740
40203771146721944
9
2533
367383
923
3964
893805628
26099764
9814
721874000
5865174
37424
58227061335
505166
270411
6716
636158719765
521687524160
93107
43319
4999
710705
2113582358175
3627649099
265136
2043522909615
3597
775556
1955082
7418249054
43830
5257857
4225
46
4634
8127364
234494
11853629986
9291482
198697
138002205574
228809254514
7731295
91453
16049
74003566
4392
78118320852557
39288718554
7542490
6926
32171771032986
98097
306930
191500
23282
34076
576
98811761044
659
17747101560
554
98743
423524
7916721
7674
60442
3890
55901
780241
900133070
1205
865982997382
4935749042
72758
5759871
49837587537871119
26684
90763
24390
560059527
61994
4546
3010
662373634
335264291
11701216
503674
436035
533404
53173219
660904489
19450
1264962057
97432
354839
96418499
688
9910
952678
32495273997
51847889325
4245
509
9297787731
660059875
754338
71733
3786
4495519
8342
37345844
2934
257673485
90609
5014818367
575636983
46977381111
50358
66971518756946
36326
90041
55718
62024651
28932
8993
426434578714
206
46397
25
1145459
11697507339854
6454
2180127
1748
6335271
1293337
5650305
84288334
50615098
50494246816
867907342
4483588
514757
358469
679172
9773
40974520
9541796
3322
163816
183
21999
8325
15403999
474
543913339222
52996
363378464
88982859597938
470951072
45212979
