9
81
25
24
30
60
60
90
474
528
558
576
582
648
822
960
2934
3108
3510
3786
4392
6156
6930
7674
8460
8826
9660
9690
24390
28932
32010
35934
43830
50358
59658
59700
63882
65808
67530
67656
93726
152922
265104
268194
306930
378138
455874
470802
528924
566346
594660
609726
614868
689868
690144
730104
754338
786858
797772
816390
848064
935682
1037994
1291842
1520988
1955082
2378706
3326316
3433668
5074086
5557476
5865174
6005460
7439172
7682148
8209212
9550452
9619488
10872636
14166348
35511570
39044580
44906016
62475288
71314680
88622940
93879492
174788376
284538918
384773142
924204276
929290332
3252721338
3962878518
11782010052
17747101560
39288718554
560037481026
594094220868
783979494600
932165380380
4248418990740
5909473493466
9634676679516
11028963430854
32171771032986
66850687788894
141455765830698
280
460
820
830
980
980
2210
3010
3890
7780
9910
14720
19450
24320
34270
46430
47750
88810
89770
191500
294820
366250
384460
440590
658310
682880
741040
810580
996460
4592920
5182700
6591160
7082440
7542490
34844540
40974520
45299950
76125500
81985720
88246510
95412260
721874000
900133070
920588440
6385056910
30765151010
42187494160
60389348890
79984855720
521687524160
5226968742160
742
812
826
1666
2716
4382
4634
6454
6734
8596
9814
16184
23282
26684
34076
46214
48286
72758
89908
465934
564676
614236
5035534
7383334
8127364
9857918
74003566
87980452
210317296
841911224
857936254
4935749042
11697507339854
272303244154298
15
75
75
645
2025
4245
8325
60195
114885
436035
2268135
5650305
9029205
62210025
79726935
89686065
97793115
117181965
651001785
793310385
5889357045
51847889325
58227061335
176328732795
2043522909615
2113582358175
17
21
36309
37737
1344063
8808597
9810801
29899401
45212979
49837587537871119
59909356944282321
22
3322
26224
44902
492712
9541796
279578948
6484123712
8613136576
11853629986
543913339222
588924373136
4238
4628
55718
234494
679172
741416
9445384
49481536
84288334
662373634
50494246816
2040190303684
33
3597
6501
6831
31977
270237
415701
995247
1132263
5257857
9241551
1802
8636
19856
20264
6633842
98811761044
175
3955
9905
214655
3106355
278247095
497637672665
713112836485
1748
97432
5759871
9337038789
75612861129
46
46
6716
27922
457654
899714
6190358
94622368
707282476
841507393172
51
867
80427
3366357
6300081
6335271
14465
33275
53185
7529335
7731295
3160471435
711337322152325
98097
521275089
9297787731
956030207683611
8618
712876
44327326994
228809254514
4225
1902875
8906495
207
270411
790155017517
884819901629973
26573474
370500293872
780241
780039953
9638358893471
36326
775556
879122
56695
69955
97495
688
8342
37345844
659262412
138002205574
546172846816
865982997382
3889161
60442
3674697538
55082225468
1146745
353828
4483588
91797
7838043
575
257673485
831079355
118
118
103099448992
88982859597938
488
363378464
682728836
514509
16336344261
54099896511
6063
1617789
4209399
20083
90041
503674
718378
877276
952678
18733
481255
52414
265136
85188257974
9274039825
36060520798
51358584183934
183
2577921
867907342
206
6940681
1264962057
1712
59078
95048
228682
795189
423524
12455
1178287885
61997
2241
656029
508
2179320361729
2822474
98142416
61994
29585
84466
615722914
1367588692
90763
326
93107
990734695
71529
560059527
381
2263102943980708
8993
397
32495273997
660904489
11701216
367383
50615098
932
419525
7702009
509
2828031
4208
537
222087
554
46397
563
4855148
34751
480842919
633
53173219
6477134873
660059875
659
667
763
14012323
2560108492
809
7619096
528313748
862
184298879248885
877
9291482
7955251
923
951
8559
8236611
7595024
95728500889
977
1205
9712
198697
5014818367
358469
710705
3381965
793231
307063
15315997
1837
3748
1933
3964
486809
7132649063
77225731
936323
2180127
2533
7041173557
2722
2927
4851895
3139
3143
6388
6436
98501785
3574
3601
3829
4031
4055
33424
4282
4507
4546
37424
46344027
4999
92721743226939
948350815
8489580227
3251305465243
874756984
5711
9207291049
5854
470951072
6349
6469
139886857
6926
90082203124
7466
7418249054
7853
8083
8187
8269
8373
8497
32871612593775118
40203771146721944
2106459323763
9131
9271
9631
29313
9773
7704923
494273480797
8265493
13885
16049
17659
62024651
21529
21999
22261
47132
24663
52996
26717
26734
636158719765
32937
188525
37795
39043
65929373331279
163816
41806
8621374166
43319
44769
46715
305562994788277
387568
49919
50131
55901
551846669
59977
61055
66593
70117
70987
71062
71733
72359
506807
74719
81398
81767
81813
82101
88526
90609
90709
91453
91823
96319
98354
98743
67174272957816656
107259
110402
115027
139899
140433
142921
48403621306
203003
207509
210229
3412203085429
2357559
533404
271391
275323
298139
337949
343342
35616066077
354839
358966
413239
419239
505166
514757
519373
522674
2806525
565154
606731
623597
660467
831701
972001
990499
997505
999751
5701101782708
511050394655
1145459
1293337
1318666
1484061
1727842
5300793
4085212
2343109
4863388
3028171
3584027
4495519
4953961
5295667
5396485
7233621
14624716
7722082
7916721
8185893
26099764
15403999
40625828
542719328
37423181
37581519
42584183
570434211
63967349
66915931
70194143
73530487
75035183
84049178
96418499
97574915
98357311
7675280653
182762003
248267917
335264291
893805628
545609359
568452967
570447079
575636983
915537706
926275303
938694919
951534371
1368569627
1568592917
8341038999
3627649099
3974455657
8558232356
99335497801
37890689259
46977381111
49641320605
133324005017
558252868167
219529338901
426434578714
552570047483
716820737266
2421687285701
2716068952561
6661639894876
4000193187087
9950059841497
66971518756946
78118320852557
417665850240218
944384315846303
3103469154432293
