9
15
24
488
508
688
932
1712
1748
3748
3964
4208
6388
6436
6716
9712
33424
37424
47132
52996
95048
163816
265136
387568
423524
533404
877276
4085212
4855148
4863388
7595024
7619096
14624716
26099764
40625828
94622368
470951072
528313748
542719328
707282476
874756984
893805628
8558232356
103099448992
5701101782708
6661639894876
67174272957816656
25
30
60
60
90
474
528
558
576
582
648
822
960
2934
3108
3510
3786
4392
6156
6930
7674
8460
8826
9660
9690
24390
28932
32010
35934
43830
50358
59658
59700
63882
65808
67530
67656
93726
152922
265104
268194
306930
378138
455874
470802
528924
566346
594660
609726
614868
689868
690144
730104
754338
786858
797772
816390
848064
935682
1037994
1291842
1520988
1955082
2378706
3326316
3433668
5074086
5557476
5865174
6005460
7439172
7682148
8209212
9550452
9619488
10872636
14166348
35511570
39044580
44906016
62475288
71314680
88622940
93879492
174788376
284538918
384773142
924204276
929290332
3252721338
3962878518
11782010052
17747101560
39288718554
560037481026
594094220868
783979494600
932165380380
4248418990740
5909473493466
9634676679516
11028963430854
32171771032986
66850687788894
141455765830698
81
207
2241
8559
29313
2357559
5300793
8236611
570434211
8341038999
558252868167
280
460
820
830
980
980
2210
3010
3890
7780
9910
14720
19450
24320
34270
46430
47750
88810
89770
191500
294820
366250
384460
440590
658310
682880
741040
810580
996460
4592920
5182700
6591160
7082440
7542490
34844540
40974520
45299950
76125500
81985720
88246510
95412260
721874000
900133070
920588440
6385056910
30765151010
42187494160
60389348890
79984855720
521687524160
5226968742160
742
812
826
1666
2716
4382
4634
6454
6734
8596
9814
16184
23282
26684
34076
46214
48286
72758
89908
465934
564676
614236
5035534
7383334
8127364
9857918
74003566
87980452
210317296
841911224
857936254
4935749042
11697507339854
272303244154298
75
75
645
2025
4245
8325
60195
114885
436035
2268135
5650305
9029205
62210025
79726935
89686065
97793115
117181965
651001785
793310385
5889357045
51847889325
58227061335
176328732795
2043522909615
2113582358175
17
397
21
36309
37737
1344063
8808597
9810801
29899401
45212979
49837587537871119
59909356944282321
22
3322
26224
44902
492712
9541796
279578948
6484123712
8613136576
11853629986
543913339222
588924373136
563
175
575
188525
419525
2806525
4238
4628
55718
234494
679172
741416
9445384
49481536
84288334
662373634
50494246816
2040190303684
877
977
33
3597
6501
6831
31977
270237
415701
995247
1132263
5257857
9241551
1802
8636
19856
20264
6633842
98811761044
3955
9905
214655
3106355
278247095
497637672665
713112836485
97432
5759871
9337038789
75612861129
1933
46
46
506807
51
867
80427
3366357
6300081
6335271
14465
33275
53185
7529335
7731295
3160471435
711337322152325
98097
521275089
9297787731
956030207683611
8618
712876
44327326994
228809254514
4225
1902875
8906495
4507
26573474
370500293872
780241
780039953
9638358893471
36326
775556
879122
56695
69955
97495
8342
37345844
659262412
138002205574
546172846816
865982997382
3889161
8083
60442
3674697538
55082225468
1146745
353828
4483588
91797
7838043
118
118
363378464
682728836
514509
16336344261
54099896511
6063
1617789
4209399
20083
90041
18733
481255
52414
85188257974
22261
9274039825
26717
183
2577921
39043
867907342
206
6940681
59078
228682
795189
49919
50131
12455
1178287885
61997
2179320361729
2822474
98142416
61994
29585
84466
615722914
1367588692
90763
326
841507393172
93107
990734695
71529
560059527
381
2263102943980708
32495273997
11701216
367383
509
2828031
537
222087
554
46397
34751
480842919
633
659
667
763
2560108492
809
862
660059875
184298879248885
7955251
923
951
95728500889
1205
5014818367
358469
710705
3381965
307063
15315997
1837
77225731
2180127
2533
7041173557
2722
7132649063
2927
4851895
3139
3143
98501785
3574
3601
7675280653
3829
831079355
4031
4055
4282
4546
46344027
4999
92721743226939
948350815
8489580227
3251305465243
5711
9207291049
5854
6349
6469
139886857
6926
90082203124
7466
7418249054
7853
8187
8269
8373
8497
40203771146721944
8993
9131
9271
9631
9773
7704923
8265493
13885
16049
17659
21529
21999
24663
26734
27922
636158719765
32937
37795
884819901629973
41806
8621374166
43319
44769
46715
55901
551846669
59977
61055
66593
70117
70987
71062
71733
72359
74719
81398
81767
81813
82101
88526
90609
90709
91453
91823
96319
98354
98743
107259
110402
115027
139899
140433
142921
48403621306
198697
203003
207509
210229
270411
271391
275323
298139
337949
343342
354839
358966
51358584183934
413239
419239
457654
486809
503674
505166
514757
519373
522674
565154
606731
623597
656029
660467
718378
793231
831701
899714
936323
952678
972001
990499
997505
999751
511050394655
1145459
1293337
1318666
1484061
1727842
2343109
3028171
3584027
4495519
4953961
5295667
5396485
6190358
7233621
7702009
7722082
7916721
8185893
9291482
14012323
15403999
37423181
37581519
42584183
50615098
53173219
62024651
63967349
66915931
70194143
73530487
75035183
84049178
96418499
97574915
98357311
182762003
248267917
257673485
335264291
545609359
568452967
570447079
575636983
660904489
915537706
926275303
938694919
951534371
1264962057
1368569627
1568592917
3627649099
3974455657
6477134873
35616066077
36060520798
37890689259
46977381111
49641320605
99335497801
133324005017
219529338901
426434578714
494273480797
552570047483
716820737266
790155017517
2106459323763
2421687285701
2716068952561
3412203085429
4000193187087
9950059841497
65929373331279
66971518756946
78118320852557
88982859597938
305562994788277
417665850240218
944384315846303
3103469154432293
32871612593775118
