1
1
1
2
2
3
3
3
4
4
4
5
6
9
20
24
24
28
40
52
64
68
100
116
128
164
208
232
248
304
368
388
556
596
632
664
928
1136
1196
2984
3092
3208
3512
3832
4148
6872
7232
7484
8396
9668
9748
9892
10084
15836
16316
19064
19408
20576
21452
21776
24536
26804
29252
32804
33884
37976
40696
49468
50852
52868
58496
58736
61808
67988
68984
70436
74336
75044
77816
80908
83396
110764
261544
267224
355952
445792
483856
509924
537652
597008
641152
653816
741724
774776
783544
833552
866296
873104
3580492
3796724
3799028
4282732
5327468
5798092
6298172
6582952
7159148
7894252
9566884
18575848
22398308
42796496
44270372
61866568
81942416
164727452
236096948
297580516
301845952
445746736
977278576
3594248048
5022620656
16547767396
20637744808
24276114392
25759086916
51716477452
105645665276
324668939072
484976205712
760922251996
4532426258764
5343088682972
7736489883736
62754750905876
936320627543836
25
31
18
60
78
78
78
90
96
108
126
276
396
498
510
534
648
654
690
708
750
774
924
948
960
1530
1668
2022
2262
2406
2448
2490
2832
3222
3576
3702
4176
4182
4206
4296
4314
5280
5448
5682
5730
5898
5904
5946
6336
6720
6768
7302
7410
7674
7674
8226
8508
9270
9450
9594
9666
9714
9900
10374
12594
15216
15636
16176
16326
17550
17958
20046
20754
22290
27018
28344
30474
32658
38202
38892
39858
42816
43446
44358
45576
49362
50622
53292
53652
54480
56106
57012
57624
63954
64998
65820
66132
66942
70284
72108
72750
73866
74304
74814
77466
78780
78924
79074
84954
85656
86352
87924
89310
90960
91854
92274
93498
96888
99294
130614
163308
177120
198906
199350
228414
281022
288054
297054
297798
305616
329376
331524
344928
375528
378210
380154
400278
408348
426996
428616
431670
442968
482382
505608
516462
523680
535068
544794
556008
567156
567786
572196
574056
576018
592776
616206
642270
671262
675756
709710
720024
728382
762732
775344
837528
850284
852690
876810
885390
890562
893928
906822
929082
954102
985278
985776
994818
1047306
1214934
1886778
2145384
2201040
2489376
2506290
2539380
2625294
2710140
2789436
2793708
2817066
3095874
3398694
3519756
4007718
4688760
5055852
5069826
5137578
5181672
5253540
5261676
5373312
5520180
5688234
6133836
6256302
6282252
6427410
6545532
6690150
6987084
7293066
7298082
7456728
7570098
8422206
8471940
8598624
8685318
8774772
9430374
9603948
9681042
9891156
10430952
12766272
29748864
30960594
31775322
33026148
37693794
38229606
41444514
44416902
54042522
54191676
55203126
61797204
62478618
62823564
68063706
68646930
75514662
80693808
92376726
94354818
95961522
99693048
106265382
110486808
119319762
194878626
233732682
242911638
295732362
358530324
410374182
459070050
501823488
668999346
737790270
915079566
1056373236
1147132386
1264754082
1327619766
1977941976
2822262834
3511715196
5102457108
7014803424
7501411818
8027352852
8149642470
9558926676
14655608160
17474562834
28335015852
28430049582
29871356856
33564753726
35585751342
39088472538
40788590514
46781871504
51011050380
52968891864
59005868820
65702842644
74348100498
74496965016
80574552180
83262818718
293216434926
412147485900
510661458990
550814995476
567825100332
669651430986
729921973074
790899404076
852697147830
879713822034
958861011894
2538619616592
3218900477526
3509583288438
3613970861844
4012147707300
5468239032294
6038828333154
6609819047514
7311438355914
9712517311842
21273138492864
23792521148088
25296899213916
75740049805824
93539134037742
93671325783870
97132083976944
482250388958742
3646776802842984
4257420714833472
8580851298043956
37763012797950720
87334974582251238
45
279
621
963
2511
2979
3483
5301
5787
8667
8667
8847
9567
9783
17307
17739
19161
25569
31869
33903
35559
51741
54603
56403
75879
78291
744687
770139
953847
2622519
5107689
6437817
8921853
85031613
754541649
789695667
7042140207
13128149457
233090927379
814883434839
7919764671879
10
190
290
410
530
610
730
970
1010
1190
2110
5710
6770
8560
8620
9410
9950
22240
28850
29990
31820
38830
40010
40660
43670
50500
54350
54800
70190
77590
77920
80030
84500
88370
96640
97270
122000
170770
208580
234520
415690
457510
495310
518230
622240
668540
680390
709000
829390
864190
899500
901960
976270
1251140
1254100
1603910
1680560
1792570
2218840
4493960
4893850
5326630
5467090
5635130
5871170
6000670
6087790
6582200
6734090
7455080
7504340
8184430
8757340
8785490
8827450
9370660
9522130
26372480
30419660
31933610
34136900
37945870
39673490
47440390
49449550
62784050
95016770
112109180
156152510
156651610
165020720
414738790
578611370
763764670
823135520
836103580
1977438140
3607844000
3943325890
5995319680
7547407910
7697245430
8222514970
18576474860
77493233960
80583738500
85490934700
93526629430
94836659600
536131683850
686278417120
966262198450
2239461047800
4003036388840
4044100612250
5022722944210
59003053704820
64942720612540
68214779344780
505036338128740
602218804836230
121
127
98
154
476
812
826
2366
3976
4676
4802
5866
5992
6454
8666
8806
9296
35378
40208
43162
46564
52738
54194
57134
66416
72296
77266
92008
92834
98756
113344
122234
208348
209636
226226
280756
294938
348796
364238
443702
475678
540778
575386
595574
647108
721714
772996
795634
895132
2835364
7587944
7945952
21133252
25715774
32452322
38771404
60617942
455498834
728108458
794095582
840475832
920641862
939440992
7720491688
9622666942
583843457428
768970686092
775490124094
792110928938
2208728426464
7970874656906
42776741938868
96361908231568
99638422377424
272866870493896
2164533553207214
3766753087712944
3946114333671062
8823048271775668
75
375
525
585
735
2595
5865
6615
8175
8895
20325
25905
27225
27285
60705
66075
72225
72795
73425
75585
75945
76185
79155
91275
97695
226905
440535
788685
805305
978585
2931375
3982815
4113945
5023665
5626695
6259605
8845755
32140155
56210115
79513485
87426165
549853395
823359105
1149885015
1821436545
4321360725
7162955355
32355800385
42648885765
56065817985
59631813135
87816216945
413053109055
953978292645
3551171422005
59009014993335
96636402193035
301
317
319
19
391
567
1323
1953
3549
4389
9807
21147
28917
30387
30429
35973
88683
150129
338961
638799
655431
817929
896469
933051
1360947
3564183
4213629
4906671
4933887
5556831
7953813
8553027
79514421
117590991
134669619
1700273631
7785553167
9510689433
70035405867
333268355763
476028367311
1225853289633
8649591406617
45891658884057
482803992140379
551482706174043
977865719169087
22
506
638
1166
1958
2398
2816
3124
3872
4796
12716
12848
18128
74492
75416
98032
116138
139172
161656
194018
197956
222046
321266
393844
433004
501974
733832
808984
857846
908204
4803898
6785306
8726234
9319046
9760718
17639732
45196448
154538714
643413364
80956493794
23
175
475
575
1825
4175
18575
22475
36275
50675
85825
167525
261875
469225
2671225
3868225
780589175
6765217018475
26
494
2678
5018
7592
16822
28418
41366
51974
66716
93938
372242
508352
536614
593216
599014
749866
938912
2979808
3638648
56675242
58655662
84584656
208466362
5435213368
6878628146
82466695792
561220668346
583477182886
591769618466
66594747932414
857
899
967
2409
5577
5643
6963
8613
9867
17523
26037
39567
40293
67947
280401
397221
568161
851961
936177
7786449
9853503
435650127
1768372287
28102110333
37866353151
94082239647
151238377917
3502
6868
8534
53584
84592
86326
678946
977432
6419302
6666992
8592718
740107954
6677221036
8151437746
9747816626
95229207496
318382494476
665
1085
8645
9205
28735
49315
55825
370195
791105
8749475
582895985
638065839565
7651419596695
37
38
38
1178
3914
19988
38684
170392
179246
263644
941146
5557234
28650214
75647588
285292486
715024834
5054082004
44958604384
39
507
49491
82329
398931
409071
536367
596271
691587
998127
4125927
6442839
7481409
11655969
59169513
655051293
539
637
51
9741
35241
95829
227613
628983
801261
4618545669
6504948969
99229396491
5335
5665
41855
53075
752125
3281465
59742815
933033674485
14365216089895
2679
3021
4503
7353
7467
8949
36423
62757
354027
467799
478287
878769
28495497
81057591
177074
217442
592934
2554262
30855478
65545916
86750194
68343491684914
3571
64852
81778
241924
606856
724036
219150718
48378467444
554670296324
1885
6565
11765
44785
83638685
9384343161505
5141
73
5359
5381
74
74
74
47434
546268
912568
1428718
3868054
856205559029312
922001005845484
77
77
847
4543
7931
26719
6394927
769589821
79
5494
475928
7152858516292
85
2465
2635
407405
7929055
368972981765
80995229003245
6794
9202
121174
695998
85928104
87
6177
68777067
159157539
7949
8033
705523
3187457
7192367
21652092553
60077980417
59208787698151
55707
62961
87363363
388741581
3448758711
94
53674
924302
2060104
8400592
6980322124
3415581348824
95
95
95
7505
55765
96995
5049725
7134033265
97
97
9551
602716
81000217682
11933
93129
944277
6341319
10076247
7100867691
72233
232169
415429
2396970917
5651475374665769
122
458842
912194
5909731606
123
96801
285729
544371309
129
210539
853993
34962502578787
956303743148173
14606
786178
1684112
5657614
8264852
497616180122
644346499712
18971
19367
821361237
68497
38195468597
4495
7685
8845
886675
357860435
621187685
92126
214766
3449763628
742648306748
2822600207845196
676216795
8176019206
88150603347164
8943591
9050439
626026
881278
972037708
7989231
679135
2977945
7661035
436121048135
620653
17149957
36527
19982
67706
4126768
5804251468
92810260376
38833
252298
76794946
59291098378
697144455148
951407345104
8323
16947834304079
55555
631802
44663
44729
44771
213
74258
77185
17348933
96795038943883
82762432992502
97903
3526939
49961
227
51929
7268785
23538489005
312603
173147
476957
662701
251
56711342
311059
63335
883503
7290184287
96491187602676106
63662
817042
358075954
2729488120298
79367
80177
6647
52089
153939
86113
12761135396
471667
6618155630107
80989756
45147
2317058781138905
98011
421399
49103989
8615961
64277
8804387196608063
326
38089618251
329
331
335
671005
986151
3502576418709
35017
92777
28837401437
381
881642374
395
870185
4995832514
567378461
325767691263209
8053132032823691
413
417
1866506
1926297191536
427
5777435
957851582
461
4748074
467
92393
37293309
663793792737
473
482
482
485
487
4377845
178339
2674407
707291
76476481825
663199594
807145
8322695
243300204259
326165284
79361789
566
7048221974
78539714236
573
536027678
9587793
1078314767427
607
7815301
858986
617
2925093
26655845991605
641
643
661
95978084
677
679
591045901433
196337006166229
8057373
11563557
51319
940132405730288
64929602
755
761
1818229
426113
781
2299159663205
513757
89273069
658067
815
8471473
827
684899
685177
829
849
1242631497269
7378093
41656963
905
823591
917
379170747278
939
738993
547983914153
13935382072079
959
8044495
1148238669
994559
9618789
1079
1093
792777
848911
698319517
5971666
904522
1851847
3422571
1301
1333
4555683765148
5572633
395410555
1453
7256787
590113
1621
1639
2920997
78383641
6492106
8731886
7664771
48788505362
2117
25751467
2162
2182
5427446
9828366112
783179
8140999
7031251
2333
5708057
2427
2333897
2469
2477
6140089
2491
3863999902945891
679939
92505382711
9060024777
7782331
2815
461453
668477
53148755130181
83121986
2986
3007
98325898734027
1415477
3106
3155
3203
3253
3273
3299
3307
3433
858139
3703
60559164069458905
68566826569937
4083
4106
4162
4241
4267
349737593
5425838383
4441
64158002
4733
4786
4789
4793
4999
5309
5386
5438
889817
5534
930144549
7338805
5659
5783
29001043297
5847
5917
5957
7450285
16743370377
6017
6087
6159
79815695243149
6483
6542
6557
6557
6686
6691
692850544541
16267431
958361597
7123
7123
7141
7142
7223
7355
7501
7547
7606
7862
7997
7999
583737898
8117
8149
8326
8367
8465
8551
8887
8902
8907
9113
9257
9561
9631
9749
9818
9871
937081959152
10441
10981
15795959
11153
11327
7239937
12417
659427257
13397
13666
13787
14642
14677
14857
14902
73172874443281
16601
16691
17129
17305
18151
863516812963
19538
19969
139244655553
22249
22595
22621
22622
23407
414637553
24049
24607
24785
347741841
9199790079
26342
26527
6343989096331
27994
28687
288599647
30878
32577
32627
33791
34297
33550963
34649
35741
35878
35907
36238
37729
40718
8338672274
41501
42191
42401
42605
43311
43507
44049
45002
45338
45755
45977
47786
48221
49133
49195
51628116353
51089
51427
51897
52147
53419
53593
54109
54997
55079
55901
56002
56755
57091
57818
58557
59746
60745
60971
61183
62149
62887
63461
63543
64499
64571
64574
64642
65063
65507
66399
67447
67765
71083
71941
71947
72809
73105
73763
75377
79669
79703
80351
84193
84247
85915
88351
90245
90807
91997
92011
92266
92423
93187
93299
95866
95879
96037
97059
99013
100717
108781
117583
126974
36721095793
134419
146618
152121
157937
159202
159693
160898
176829
180547
189877
198823
204847
204902
42245477587
207067
210337
211873
217918
222961
234503
401408078869
243623
20359914258487
3376855820879
261565
261853
262343
262742
265937
266207
267758
274267
282545
284511
694109885314
296533
299849
301111
305759
309077
309161
312443
339979
341797
343271
357881
361671
364423
365639
371003
376091
379551
385543
389245
395482
396386
420719
422779
433573
439393
5988086603
988218817
460297
470761
473549
491035
510173
515551
519223
535046
547797
554651
554726
570389
571699
594865
597703
598138
599801
616766
617213
634337
640586
648523
649123
651013
433131448391
686891
698387
703301
708059
733235
6091816404737
745419
760586
768457
772826
790981
794681
800519
818231
823289
833743
695774642723
846206
848611
892054
894727
924547
926797
941302
947253
949834
983287
987249
996859
996887
998929
1045622
1052731
1066789
1124485
1134119
1163959
1284893
1299478
1312817
1330762
1697627
1869814
991278037603
1970534
1990481
2104834
2134883
989286984503747
2176847
2246395
2292677
2299639
2377131
2434307
2577563
2603573
2631401
2706593
2772311
2824214
2864549
3171338
3305339
3335582
3433874
3534431
3703957
3804211
3816691
3989257
4068957
4131737
4147811
4254434
4374187
4401454
4502011
4525273
4586618
4675079
5002157
5271466
5292337
5408566
5437171
5454241
5640871
5938942
5956714
6024769
6174799
6453323
6588865
6731249
7002563
7064213
7115021
7129289
7227965
7378589
7624457
7908337
8081371
8207618
8332871
8355259
8366965
8393318
8971589
8972921
9293461
9376007
9445009
9681843
9864242
99222269844487
9964481
9970621
13313739
14464529
14793829
16309693
21947953
23083471
24532943
27606121
35271079
36199347
36655945
41304082
42600317
46799455
48190034
52227265
54233359
59346391
60121749
60157541
66755179
68558914
72425753
75241663
77755107
86418082
86757646
87127609
87676637
95565523
95767558
96221233
97170298
98546093
42738853458221
157871366
162578903
216594201
226540585
234937267
248857673
258306439
264587777
295090154
323473141
368761066
408181553
471546458
481223339
503175301
563627093
606262863
612309986
672107237
683199409
752005339
775546903
806124603
903294583
943650803
953182029
990207643
1031077947
1157732288956003
2639819323
2640113999
2651631971
3166762397
3372436162
3519526453
3536543653
3577675022
3838835158
4050014411
4214822042
4354386053
4860362123
5053373678
5178609911
5474388613
5539731038
6062411969
6328077617
6383942035
6535518295
7286039879
7518261106
8380834795
8812483023
8847816346
8863087658
8983214269
9329383977
9391635637
9542133771
9622676519
9740625767
9900298379
11683687663
13981925714
23540979083
26698825319
42278063581
44021442041
48175682273
58015083823
59728771579
60434744215
60765739783
63569413298
64456058873
83837281921
86709259717
91517992058
92946030799
94556511458
96385197626
99879801343
188723760749
200619581429
215749988777
217361195663
260285077047
267925582745
304083624651
497716319693
503312029579
531812538298
549288350449
573897872399
621049696331
697232161765
710855536539
787374662449
912445284937
1708055092931
1764886466995
2112165096211
2756718274199
3184321228163
4277515578113
4940277298805
15757557470101
22545897785261
49263354415861
75730193455123
89757014191619
165081508195487
197667837511063
312710075704291
364694478191161
551892201248041
595792402848703
767304141521011
838341392945293
861917241751718
870228259584787
917254968565729
924769205596819
5091219410876695
6151024977245567
8090354396560819
50305947826434869
