1
1
1
19
23
31
37
73
79
97
97
127
227
251
317
331
461
467
487
607
617
641
643
661
677
761
827
829
857
967
1093
1301
1453
1621
2333
2477
3203
3253
3299
3307
3433
3571
4241
4441
4733
4789
4793
4999
5309
5381
5659
5783
6691
7547
7949
8117
8887
9257
9551
9631
9749
9871
11933
13397
16691
22621
24049
28687
33791
34297
34649
36527
38833
44729
44771
48221
51427
51929
52147
53419
53593
55079
55901
64499
65063
67447
71941
71947
75377
79367
79669
80177
84247
86113
91997
93187
98011
99013
180547
189877
198823
211873
243623
305759
364423
365639
460297
473549
570389
571699
649123
685177
686891
698387
703301
768457
800519
818231
823591
848611
926797
994559
996859
996887
1052731
1066789
1697627
1990481
2577563
2631401
2706593
2772311
3534431
3703957
3804211
3816691
4374187
4502011
5002157
5292337
5437171
5640871
5708057
6024769
7624457
9964481
9970621
23083471
27606121
60157541
72425753
87676637
234937267
248857673
323473141
990207643
2639819323
2640113999
4354386053
5178609911
9391635637
9900298379
11683687663
42245477587
59728771579
188723760749
433131448391
503312029579
573897872399
621049696331
2756718274199
89757014191619
364694478191161
917254968565729
2
2
4
4
4
64
128
3
3
3
9
5
25
6
18
24
24
60
78
78
78
90
96
108
126
276
396
498
510
534
648
654
690
708
750
774
924
948
960
1530
1668
2022
2262
2406
2448
2490
2832
3222
3576
3702
4176
4182
4206
4296
4314
5280
5448
5682
5730
5898
5904
5946
6336
6720
6768
7302
7410
7674
7674
8226
8508
9270
9450
9594
9666
9714
9900
10374
12594
15216
15636
16176
16326
17550
17958
20046
20754
22290
27018
28344
30474
32658
38202
38892
39858
42816
43446
44358
45576
49362
50622
53292
53652
54480
56106
57012
57624
63954
64998
65820
66132
66942
70284
72108
72750
73866
74304
74814
77466
78780
78924
79074
84954
85656
86352
87924
89310
90960
91854
92274
93498
96888
99294
130614
163308
177120
198906
199350
228414
281022
288054
297054
297798
305616
329376
331524
344928
375528
378210
380154
400278
408348
426996
428616
431670
442968
482382
505608
516462
523680
535068
544794
556008
567156
567786
572196
574056
576018
592776
616206
642270
671262
675756
709710
720024
728382
762732
775344
837528
850284
852690
876810
885390
890562
893928
906822
929082
954102
985278
985776
994818
1047306
1214934
1886778
2145384
2201040
2489376
2506290
2539380
2625294
2710140
2789436
2793708
2817066
3095874
3398694
3519756
4007718
4688760
5055852
5069826
5137578
5181672
5253540
5261676
5373312
5520180
5688234
6133836
6256302
6282252
6427410
6545532
6690150
6987084
7293066
7298082
7456728
7570098
8422206
8471940
8598624
8685318
8774772
9430374
9603948
9681042
9891156
10430952
12766272
29748864
30960594
31775322
33026148
37693794
38229606
41444514
44416902
54042522
54191676
55203126
61797204
62478618
62823564
68063706
68646930
75514662
80693808
92376726
94354818
95961522
99693048
106265382
110486808
119319762
194878626
233732682
242911638
295732362
358530324
410374182
459070050
501823488
668999346
737790270
915079566
1056373236
1147132386
1264754082
1327619766
1977941976
2822262834
3511715196
5102457108
7014803424
7501411818
8027352852
8149642470
9558926676
14655608160
17474562834
28335015852
28430049582
29871356856
33564753726
35585751342
39088472538
40788590514
46781871504
51011050380
52968891864
59005868820
65702842644
74348100498
74496965016
80574552180
83262818718
293216434926
412147485900
510661458990
550814995476
567825100332
669651430986
729921973074
790899404076
852697147830
879713822034
958861011894
2538619616592
3218900477526
3509583288438
3613970861844
4012147707300
5468239032294
6038828333154
6609819047514
7311438355914
9712517311842
21273138492864
23792521148088
25296899213916
75740049805824
93539134037742
93671325783870
97132083976944
482250388958742
3646776802842984
4257420714833472
8580851298043956
37763012797950720
87334974582251238
10
20
40
100
190
290
410
530
610
730
970
1010
1190
2110
5710
6770
8560
8620
9410
9950
22240
28850
29990
31820
38830
40010
40660
43670
50500
54350
54800
70190
77590
77920
80030
84500
88370
96640
97270
122000
170770
208580
234520
415690
457510
495310
518230
622240
668540
680390
709000
829390
864190
899500
901960
976270
1251140
1254100
1603910
1680560
1792570
2218840
4493960
4893850
5326630
5467090
5635130
5871170
6000670
6087790
6582200
6734090
7455080
7504340
8184430
8757340
8785490
8827450
9370660
9522130
26372480
30419660
31933610
34136900
37945870
39673490
47440390
49449550
62784050
95016770
112109180
156152510
156651610
165020720
414738790
578611370
763764670
823135520
836103580
1977438140
3607844000
3943325890
5995319680
7547407910
7697245430
8222514970
18576474860
77493233960
80583738500
85490934700
93526629430
94836659600
536131683850
686278417120
966262198450
2239461047800
4003036388840
4044100612250
5022722944210
59003053704820
64942720612540
68214779344780
505036338128740
602218804836230
121
28
98
154
476
812
826
2366
3976
4676
4802
5866
5992
6454
8666
8806
9296
35378
40208
43162
46564
52738
54194
57134
66416
72296
77266
92008
92834
98756
113344
122234
208348
209636
226226
280756
294938
348796
364238
443702
475678
540778
575386
595574
647108
721714
772996
795634
895132
2835364
7587944
7945952
21133252
25715774
32452322
38771404
60617942
455498834
728108458
794095582
840475832
920641862
939440992
7720491688
9622666942
583843457428
768970686092
775490124094
792110928938
2208728426464
7970874656906
42776741938868
96361908231568
99638422377424
272866870493896
2164533553207214
3766753087712944
3946114333671062
8823048271775668
45
75
375
525
585
735
2595
5865
6615
8175
8895
20325
25905
27225
27285
60705
66075
72225
72795
73425
75585
75945
76185
79155
91275
97695
226905
440535
788685
805305
978585
2931375
3982815
4113945
5023665
5626695
6259605
8845755
32140155
56210115
79513485
87426165
549853395
823359105
1149885015
1821436545
4321360725
7162955355
32355800385
42648885765
56065817985
59631813135
87816216945
413053109055
953978292645
3551171422005
59009014993335
96636402193035
567
1323
1953
3549
4389
9807
21147
28917
30387
30429
35973
88683
150129
338961
638799
655431
817929
896469
933051
1360947
3564183
4213629
4906671
4933887
5556831
7953813
8553027
79514421
117590991
134669619
1700273631
7785553167
9510689433
70035405867
333268355763
476028367311
1225853289633
8649591406617
45891658884057
482803992140379
551482706174043
977865719169087
22
506
638
1166
1958
2398
2816
3124
3872
4796
12716
12848
18128
74492
75416
98032
116138
139172
161656
194018
197956
222046
321266
393844
433004
501974
733832
808984
857846
908204
4803898
6785306
8726234
9319046
9760718
17639732
45196448
154538714
643413364
80956493794
26
52
208
494
1196
2678
5018
7592
16822
28418
41366
51974
66716
93938
372242
508352
536614
593216
599014
749866
938912
2979808
3638648
56675242
58655662
84584656
208466362
5435213368
6878628146
82466695792
561220668346
583477182886
591769618466
66594747932414
2409
5577
5643
6963
8613
9867
17523
26037
39567
40293
67947
280401
397221
568161
851961
936177
7786449
9853503
435650127
1768372287
28102110333
37866353151
94082239647
151238377917
68
3502
4148
6868
8534
53584
84592
86326
678946
977432
6419302
6666992
8592718
740107954
6677221036
8151437746
9747816626
95229207496
318382494476
175
665
1085
8645
9205
28735
49315
55825
370195
791105
8749475
582895985
638065839565
7651419596695
38
38
304
1178
3914
19988
38684
170392
179246
263644
941146
5557234
28650214
75647588
285292486
715024834
5054082004
44958604384
39
507
49491
82329
398931
409071
536367
596271
691587
998127
4125927
6442839
7481409
11655969
59169513
655051293
368
2162
8326
67988
74336
217442
598138
4748074
48378467444
92810260376
51
9741
35241
95829
227613
628983
801261
4618545669
6504948969
99229396491
5335
5665
41855
53075
752125
3281465
59742815
933033674485
14365216089895
2679
3021
4503
5301
7353
7467
8949
36423
62757
354027
467799
478287
878769
28495497
81057591
116
232
928
177074
592934
2554262
30855478
65545916
86750194
68343491684914
248
21452
64852
81778
241924
606856
724036
219150718
554670296324
1885
6565
11765
44785
83638685
9384343161505
621
153939
285729
8615961
159157539
7042140207
9199790079
74
74
74
15836
47434
546268
912568
1428718
3868054
856205559029312
922001005845484
77
77
539
847
4543
7931
26719
6394927
769589821
164
5494
475928
7152858516292
85
2465
2635
407405
7929055
368972981765
80995229003245
6794
9202
33884
121174
695998
85928104
87
6177
68777067
637
705523
3187457
7192367
21652092553
60077980417
59208787698151
279
2511
55707
62961
87363363
388741581
3448758711
94
37976
53674
924302
2060104
8400592
6980322124
3415581348824
95
95
95
475
7505
55765
96995
5049725
7134033265
602716
81000217682
93129
944277
6341319
10076247
7100867691
575
60559164069458905
32804
833552
72233
232169
415429
122
458842
912194
5909731606
123
96801
544371309
129
3483
210539
853993
34962502578787
956303743148173
14606
786178
1684112
5657614
8264852
497616180122
644346499712
821361237
1136
29252
77816
1970534
5271466
95978084
5022620656
697144455148
68497
38195468597
4495
7685
8845
22475
886675
357860435
621187685
75044
92126
214766
3449763628
742648306748
2822600207845196
676216795
632
8176019206
88150603347164
8943591
9050439
3703
5957
433573
6731249
25751467
664
49468
64574
267758
95767558
3838835158
861917241751718
63543
5107689
626026
881278
972037708
7989231
679135
2977945
7661035
436121048135
620653
17149957
388
19982
67706
4126768
5804251468
252298
76794946
59291098378
951407345104
8323
16947834304079
55555
631802
213
11563557
953182029
74258
741724
77185
17348933
96795038943883
82762432992502
17739
97903
3526939
7232
80908
7268785
23538489005
312603
173147
476957
662701
1312817
51628116353
56711342
311059
760586
3580492
97170298
3594248048
63335
883503
7290184287
96491187602676106
556
63662
537652
817042
358075954
2729488120298
52089
2671225
780589175
596
12761135396
301
471667
6618155630107
80989756
45147
2317058781138905
319
421399
49103989
963
8667
8667
64277
8804387196608063
326
38089618251
329
7048221974
484976205712
335
671005
986151
3502576418709
1825
28837401437
381
391
6647
58557
873104
6582952
881642374
395
870185
4995832514
567378461
325767691263209
8053132032823691
413
32627
2246395
417
1866506
1926297191536
427
8972921
1242631497269
5777435
3799028
4254434
957851582
92393
37293309
663793792737
473
482
482
485
892054
4377845
178339
2674407
707291
76476481825
663199594
807145
8322695
243300204259
326165284
79361789
566
78539714236
573
536027678
9587793
1078314767427
7815301
858986
2622519
2925093
26655845991605
708059
100717
679
469225
591045901433
196337006166229
8057373
51319
595792402848703
16743370377
940132405730288
2984
64929602
755
1818229
426113
781
2299159663205
98325898734027
513757
89273069
3208
815
8471473
4175
849
3512
899
7378093
41656963
905
924769205596819
58496
917
379170747278
939
738993
547983914153
13935382072079
3832
959
8044495
2979
1148238669
61183
3577675022
9618789
1079
7064213
46799455
1764886466995
25759086916
792777
848911
698319517
5971666
904522
99879801343
1851847
20576
3422571
35559
48190034
1333
5327468
4555683765148
5572633
395410555
7256787
9542133771
590113
3092
1639
6872
267925582745
3868225
937081959152
35017
3796724
78383641
17307
5787
6492106
445746736
8731886
7664771
261875
48788505362
2117
42796496
2182
5427446
9828366112
783179
8140999
7031251
6328077617
19408
2427
2333897
2469
838341392945293
2491
3863999902945891
679939
92505382711
1708055092931
9060024777
21776
2815
461453
25569
668477
81942416
53148755130181
83121986
8847
2986
3007
1415477
3106
3155
9567
9783
3273
858139
18575
7484
68566826569937
4083
4106
4162
8396
4267
349737593
5425838383
64158002
470761
19064
4786
9668
9748
92777
9892
10084
5141
5359
5386
5438
889817
5534
930144549
7338805
29001043297
5847
5917
7450285
6017
6087
24536
6159
56403
19161
79815695243149
6483
86418082
6542
6557
6557
6686
692850544541
16267431
958361597
7123
7123
7141
7142
7223
36275
519223
58736
7355
4675079
7501
7606
61808
7862
7997
7999
583737898
8033
683199409
8149
16316
8367
8465
8551
8902
8907
73172874443281
9113
9561
9818
641152
50675
40696
10441
3372436162
31869
10981
15795959
11153
33903
11327
2434307
7239937
12417
659427257
26804
13666
13787
563627093
14642
14677
14857
14902
20359914258487
16601
17129
85825
68984
51741
17305
18151
54603
863516812963
16547767396
503175301
18971
19367
19538
19969
24276114392
139244655553
22249
22595
22622
23407
414637553
789695667
24607
24785
75879
347741841
50852
78291
26342
52868
26527
6343989096331
445792
27994
288599647
551892201248041
30878
32577
167525
33550963
70436
35741
35878
35907
36238
37729
40718
8338672274
41501
83396
42191
42401
42605
43311
43507
44049
355952
44663
45002
45338
2112165096211
45755
45977
7286039879
47786
49133
49195
49961
51089
51897
54109
54997
110764
56002
56755
57091
57818
59746
483856
60745
60971
62149
62887
63461
64571
64642
261544
65507
66399
267224
67765
36721095793
71083
72809
73105
73763
597008
79703
80351
744687
60434744215
84193
85915
88351
162578903
90245
90807
92011
92266
92423
93299
95866
95879
96037
97059
108781
3166762397
117583
697232161765
126974
304083624651
134419
146618
152121
157937
159202
159693
160898
653816
176829
774776
783544
204847
204902
207067
210337
866296
217918
222961
234503
401408078869
509924
770139
3376855820879
261565
261853
262343
262742
265937
266207
274267
282545
284511
694109885314
296533
299849
301111
309077
309161
312443
953847
339979
341797
343271
357881
361671
371003
376091
379551
385543
389245
395482
396386
6765217018475
420719
422779
5343088682972
439393
5988086603
988218817
2651631971
491035
510173
515551
535046
547797
554651
554726
594865
597703
599801
616766
617213
4532426258764
634337
640586
648523
651013
658067
684899
62754750905876
733235
6091816404737
745419
772826
790981
794681
823289
833743
846206
894727
924547
941302
947253
949834
983287
987249
8921853
998929
1045622
1124485
1134119
1163959
1284893
1299478
1330762
1869814
991278037603
2104834
2134883
4282732
6437817
989286984503747
2176847
2292677
2299639
2377131
2603573
2824214
2864549
5798092
2920997
6151024977245567
6298172
85031613
3171338
3305339
3335582
3433874
7159148
7894252
3989257
4068957
4131737
4147811
4401454
4525273
4586618
18575848
9566884
5408566
5454241
5938942
5956714
6140089
6174799
6453323
6588865
7002563
7115021
7129289
7227965
7378589
7782331
7908337
8081371
8207618
8332871
8355259
8366965
8393318
8971589
9293461
9376007
301845952
9445009
936320627543836
9681843
9864242
22398308
13313739
14464529
14793829
61866568
16309693
21947953
44270372
50305947826434869
24532943
754541649
35271079
36199347
36655945
41304082
42600317
52227265
54233359
59346391
60121749
66755179
68558914
75241663
77755107
164727452
86757646
87127609
95565523
96221233
98546093
236096948
977278576
42738853458221
297580516
157871366
216594201
2396970917
226540585
258306439
264587777
295090154
368761066
408181553
471546458
481223339
606262863
612309986
672107237
752005339
775546903
806124603
903294583
943650803
1031077947
1157732288956003
767304141521011
3519526453
3536543653
4050014411
4214822042
13128149457
4860362123
5053373678
20637744808
5474388613
5539731038
6062411969
6383942035
6535518295
7518261106
8380834795
8812483023
8847816346
8863087658
8983214269
9329383977
9622676519
9740625767
814883434839
324668939072
13981925714
23540979083
51716477452
26698825319
42278063581
44021442041
48175682273
105645665276
58015083823
60765739783
63569413298
64456058873
233090927379
83837281921
86709259717
91517992058
92946030799
94556511458
96385197626
200619581429
215749988777
217361195663
260285077047
760922251996
497716319693
531812538298
549288350449
695774642723
710855536539
787374662449
7919764671879
912445284937
7736489883736
3184321228163
4277515578113
4940277298805
15757557470101
22545897785261
49263354415861
75730193455123
99222269844487
165081508195487
197667837511063
312710075704291
5651475374665769
870228259584787
5091219410876695
8090354396560819
