1
3
6
6
11
12
17
21
39
43
45
47
58
62
71
76
78
78
88
96
97
104
122
140
152
185
216
240
251
285
288
291
316
323
399
440
516
558
594
730
819
912
990
1698
1944
2100
2112
2796
3315
3650
4270
4698
4850
5274
5682
6867
7940
8622
9978
13083
17028
19278
32010
46326
47832
49992
50868
80814
83838
152322
255456
291372
393432
400596
404922
457884
475260
491262
511842
778548
789300
802740
871092
896832
929010
997104
2114016
3600102
4076526
4458474
4780266
6443502
9102390
36667878
46644180
84081702
99608076
453287070
592997562
639160542
725344572
849549600
962809164
3348475350
4794510084
5825261478
7661093580
9490945374
12611583870
30313722060
30515035614
46358055672
61409731644
63040605156
90325194678
97115024040
3287208920946
69160406530182
84725470334652
303813667170198
606360291220464
647347613868084
59360
66700
76900
323860
374720
944240
1313590
4328500
5124430
6510490
7526360
8016650
9667310
47589550
49531370
86703890
404517530
675515690
912102260
4837826600
36535764550
43005399700
45149660800
21135117898930
91076561455820
372735969496160
33572
35896
47614
68348
358876
476854
650216
1259865
3356612
8586735
41654774
68138728
73352594
77850633
92926778
97122242
545441115
759573213
848029742
936033098
2811080272
6140638119
675794919195
418
453
459
467
519
568
603
747
748
781
904
917
979
1318
1784
1814
1903
2246
2905
2933
3077
3827
4443
4556
4619
4666
5121
5389
5494
5792
5975
6163
6436
6607
7324
7617
7915
8409
8492
9598
9754
9785
12262
13187
13238
14433
15562
15562
16865
17147
17848
19202
19911
24411
26257
26551
29781
34557
37085
38212
38356
38672
38942
43406
43423
43889
44817
46757
49145
49186
51457
52882
54039
58129
60482
67299
68341
70153
71821
72161
72706
73618
74567
75856
77531
78656
80183
80403
80435
83227
86787
88618
89356
91072
91753
119023
141175
154473
157841
168256
172783
225673
234629
234703
246089
354092
355484
371437
378959
416897
502053
526765
562027
566768
569956
651193
659975
661904
677367
699116
809155
830432
860402
873382
902977
906776
973381
988556
1132237
1724122
1844692
1864693
1898258
2262943
2331862
2549717
3559043
3925323
4009505
4232581
4258497
4681723
4829638
4952553
5218573
5349686
5551617
5829646
6083572
6360759
6462743
7434949
8802231
9262053
9654128
9696693
9800331
19869643
26664049
36814318
38082692
43867588
56377304
67108371
71665004
81698749
87983071
92557426
97885387
98546661
166997519
243735493
244953679
256488841
309923762
316705948
402880723
464730404
607940482
680345645
702734079
720003219
808714015
845441285
983164163
1039032202
2292026669
4681834369
4711704064
4856830204
4920612902
4956303853
5086797295
5904510245
6928860401
8013795478
9140343893
9905667453
13173054634
51628296862
53801072841
68460158171
74281503103
88285063903
99015572991
147607609928
242510712349
539879612061
646262641953
680508712447
877262912564
1054605661835
3913819324924
4170561000053
8669795427142
9973007286652
16698206647726
18352553183159
36368311078925
38861038666345
40997591234359
51414452046541
67012244942427
155767516605014
264230545606858
764597703351259
3384423647889974
21878613437321213
37028236705407439
