4
4
64
9
18
78
90
96
192
306
318
600
630
654
762
942
1062
1158
1746
1794
2376
3108
3300
4464
4728
4812
5460
6564
7242
7308
7320
7560
8448
9012
27966
30066
33594
46968
53334
54768
58980
59388
65394
73152
76542
84564
297084
299784
300858
321816
338202
361902
361908
520206
720876
913752
915006
919824
960636
967782
993174
1165488
1881180
1967154
2504220
3093138
3274518
4019748
4863012
5910948
6654306
6675006
7323618
7810866
8002698
8702892
9116220
9972768
11347110
27701346
36229926
65451000
68617752
78930078
81044508
82726722
90069642
245840292
250166640
294996174
596210016
662297274
749207688
953587530
2904638292
3385294800
5006290668
5116570788
5187260634
27324996366
28254153588
43581361254
58796784102
58862300694
92312332794
377459193450
608631654036
625906062768
935070806124
3016971826836
4663074224832
5668593343326
8702826691218
450084368563290
724611108477252
7
70
70
220
410
550
640
2800
3680
9850
11080
11410
17120
19960
21520
56080
67730
82600
402970
665260
785110
907720
2714230
4259650
4549990
4904530
5311390
5655730
6461150
9710720
10335760
352969090
502698290
845416550
4073436760
71391324490
611956389790
5892011363470
9680020876850
28
56
532
616
616
952
6776
8932
46102
49574
66248
84448
295652
28199038
323122744
386261974
1534233106
5751033736
26226165364
45740792734
76786191622
853749993236
951238604666
35933448599482
48288921938096
82461356904766
75
375
645
1215
8085
12855
25185
39615
58065
66405
76635
308415
517575
4964835
7824075
563799336285
961117668975
1491
3801
60081
151221
361389
467901
493983
906633
1845543
75246717
20368935531
243085261419
573770043819
5243559510819
9337166322981
286
572
2992
9812
40634
67232
70444
78518
354112
411356
9541444
9828962
12388442
37422484
894803734
7361359324
208
6136
8242
8606
80392
4530292
9398428
36973586
73315658
83958628
77045018102
67490835871472
961
99
7887
34221
5018409
5731737
4012111461548553
986
2312
9214
32402
191794
226508
379202
420818
789242
995996
96928016
8365
51065
91595
2409155
889574827228115
39824
3114784
766382632
771601856
9582458822
29312831056024
9633
343418605252593
41
46
4646
35144
236578
590962
2044976
2562982414
66861
3040947612831
55
7865
9295
9515
14795
8451025
32814815
5431249505
6397574
9971012
5732729396
61
124
23684
53506
29552548
65
723515
531111685
93518752535
2001
10419
44643
12802
463018
14643416
9317
3405787
401665033
79
79
96104
7481434
47778284
51262735
96528295
48848
2349
75951
277175823
24661
145691
93
93
93
38037
15698
68056
137804
162056
95
95
3895
76855
3685525
333
69115
935755
9691576
7149877
8739241
76291762631
10390252
127
743743953
3686960223
688807
16981307
8978
403474
3022772
8317167
9279069
12035
420237
2317416219
68174
4782682
549
481839
497804
69246711
5690744
452372711
18245
6505836745
37829
523963
9808011
22898
8029
1897231
85248667
82622
904
549665
4278567
11234746898
40483643755
9211767
77357
305
313
328889
8159631
22870707
777749999792375
427049228
386
53567
7825023
398
407
301665369
309175
62967
97819091697099
419
453
908
815625002
527
909605
874472
571
587
2513152257272543
19904
7798834
641
673
60748441
7361108
63625347233
91904
719
41287
787
31800994603
6395963379396278
255819
539062
835
843
4730401
934120499
914
601413
9014335973
949
949
949
17782884993
444661
98044844
5306195
7984
1013
1042
1268114
390531
4755619
95497
4957048
1219
1226
16393
30232574
6981224
1405
5880407
1487
122902896988
51776
6666666102971
1822
3949543
4156
33248
34175930336
2165
84248218833459
6422660291
541637
43351376695868
3353831353149
2689
3037
3037
3067
70513231
3193
190834521
3407
9392677
90277073
32051472511531
34641
3866
3898
3997
8108
4135
192696965
4285
715095136584841
4569
18472
4633
4771
9644
97230261
4889
4485559
53908599
5281
33218129
5443
5583
8677505637244
8932037
6982
2610656537347
7941
8351
8359
8486
8491
8653
8921
75605016137
8989
9181
9259
547156147
13693165407
9721
39496
50975
95863235648
15877
18227
18897
940087262
19181
77512
500323703
67293
91957281721
27169
1862253189
30211
75890073134924
94509
31663
32753
1520810495
34121
40421
40529
44519
46929
47723
51749
52051
54743
388913
55997
57578
69523
71447
73655
74483
74569
75251
76238
80221
403525
83703
84641
90137
92279
92551
92663
92839
94331
95815
97707
104613
334539
5169612001013
124231
128917
135353
136417
7785071
171971
211943
232681
5997625
248921
5332064
81213130633213
341169
8441385899
357937
1214312573
430501
451531
973724
497719
518961
548507
615217
636917
640781
714007
778027
793141
799203
813883
834329
860077
1874324
958449
960979
962011
973473
975643
983067
1372381
1466833
1475669
1942671
2066362
2178469
2203419
4893884
2450939
2598493
2658473
2717031
2729417
2791154
3034951
3308417
3354115
3515639
81810688716451
14943944
3748867
4297295
4859011
5895839
6573223
6842821
9343745387765927
7498109
7731935
7781399
7987601
8101567
8138005
8225471
9349799
9415727
9671947
49306743
39412676
20843887
3370547092782101
35541997
41660434
45141919
50582459
54397393
67301599
84010463
366297832
97628689
98082779
144879611
197624006
806046831
271872309
337968727
721327084
556239151
856576177
7738861432
2151367058
2482610413
3692515391
4020579851
5729413255
6949144255
9250416137
29738203277
45148399316
60326771485
62450849499
99180966747
255504295069
1635583550835173
386442156097
574699309985
631667962907
694347240001
1489498475603
5054981124352
6227913818391
22279350743749
29064996667711
31006530109013
32288353246811
44072426644141
375321826665509
993570945803187
30949574705134223
