1
3
6
6
12
78
78
96
216
240
288
516
558
594
912
990
1698
1944
2100
2112
2796
4698
5274
5682
8622
9978
17028
19278
32010
46326
47832
49992
50868
80814
83838
152322
255456
291372
393432
400596
404922
457884
475260
491262
511842
778548
789300
802740
871092
896832
929010
997104
2114016
3600102
4076526
4458474
4780266
6443502
9102390
36667878
46644180
84081702
99608076
453287070
592997562
639160542
725344572
849549600
962809164
3348475350
4794510084
5825261478
7661093580
9490945374
12611583870
30313722060
30515035614
46358055672
61409731644
63040605156
90325194678
97115024040
3287208920946
69160406530182
84725470334652
303813667170198
606360291220464
647347613868084
140
440
730
3650
4270
4850
7940
59360
66700
76900
323860
374720
944240
1313590
4328500
5124430
6510490
7526360
8016650
9667310
47589550
49531370
86703890
404517530
675515690
912102260
4837826600
36535764550
43005399700
45149660800
21135117898930
91076561455820
372735969496160
11
33572
35896
47614
68348
358876
476854
650216
3356612
41654774
68138728
73352594
92926778
97122242
848029742
936033098
2811080272
45
285
3315
1259865
8586735
545441115
675794919195
17
21
399
819
6867
13083
77850633
759573213
6140638119
88
418
748
8492
43406
75856
168256
699116
4829638
6083572
9654128
104
906776
2331862
92557426
316705948
1039032202
8013795478
154473
67108371
9905667453
4556
56377304
147607609928
3913819324924
2905
680345645
36368311078925
38861038666345
76
152
39
720003219
43
17848
1844692
47
459
14433
1054605661835
58
9973007286652
62
15562
15562
16698206647726
264230545606858
845441285
71
5829646
71665004
26257
5494
38212
661904
873382
877262912564
38356
38082692
68341
9785
97
860402
988556
502053
88618
4856830204
122
702734079
568
607940482
316
4258497
36814318
89356
569956
185
4009505
603
99015572991
5904510245
677367
904
24411
747
9262053
646262641953
251
4711704064
8669795427142
808714015
52882
291
464730404
378959
87983071
323
5792
355484
4920612902
1784
453
51628296862
467
5551617
519
256488841
67012244942427
526765
225673
781
4952553
917
979
539879612061
5975
3384423647889974
77531
1318
5121
166997519
1814
1903
2246
70153
78656
246089
9800331
309923762
1132237
91072
2933
3077
6436
29781
7324
3827
4443
4619
4666
38672
5389
5086797295
40997591234359
6163
3559043
6607
7617
7915
8409
21878613437321213
9598
9754
12262
13187
13238
16865
17147
19202
19911
764597703351259
26551
141175
86787
983164163
34557
37085
38942
43423
43889
44817
242510712349
46757
49145
49186
51457
830432
54039
58129
60482
67299
566768
71821
72161
72706
73618
74567
80183
80403
80435
83227
91753
119023
659975
157841
172783
354092
53801072841
234629
234703
371437
416897
562027
651193
809155
902977
4956303853
973381
3925323
74281503103
1724122
51414452046541
1864693
1898258
6360759
2262943
2549717
4232581
4681723
5218573
5349686
6462743
7434949
8802231
9696693
19869643
43867588
26664049
98546661
81698749
97885387
243735493
244953679
402880723
2292026669
4681834369
6928860401
9140343893
13173054634
68460158171
88285063903
680508712447
4170561000053
18352553183159
155767516605014
37028236705407439
