4
4
7
9
18
64
70
70
75
90
96
192
28
41
46
55
56
61
65
306
318
410
550
600
630
654
762
942
1062
1158
1746
1794
2376
3108
3300
4464
4728
4812
5460
6564
7242
7308
7320
7560
8448
9012
27966
30066
33594
46968
53334
54768
58980
59388
65394
73152
76542
84564
297084
299784
300858
321816
338202
361902
361908
520206
720876
913752
915006
919824
960636
967782
993174
1165488
1881180
1967154
2504220
3093138
3274518
4019748
4863012
5910948
6654306
6675006
7323618
7810866
8002698
8702892
9116220
9972768
11347110
27701346
36229926
65451000
68617752
78930078
81044508
82726722
90069642
245840292
250166640
294996174
596210016
662297274
749207688
953587530
2904638292
3385294800
5006290668
5116570788
5187260634
27324996366
28254153588
43581361254
58796784102
58862300694
92312332794
377459193450
608631654036
625906062768
935070806124
3016971826836
4663074224832
5668593343326
8702826691218
450084368563290
724611108477252
640
2800
3680
9850
11080
11410
17120
19960
21520
56080
67730
82600
402970
665260
785110
907720
2714230
4259650
4549990
4904530
5311390
5655730
6461150
9710720
10335760
352969090
502698290
845416550
4073436760
71391324490
611956389790
5892011363470
9680020876850
220
532
616
616
952
6776
8932
46102
49574
66248
84448
295652
28199038
323122744
386261974
1534233106
5751033736
26226165364
45740792734
76786191622
853749993236
951238604666
35933448599482
48288921938096
82461356904766
78
79
79
93
93
93
95
95
99
124
127
208
286
305
313
333
375
386
398
407
419
453
527
549
571
572
587
641
645
673
719
787
835
843
904
908
914
949
949
949
961
986
1013
1042
1215
1219
1226
1405
1487
1491
1822
2001
2165
2312
2349
2689
2992
3037
3037
3067
3193
3407
8085
12855
25185
39615
58065
66405
76635
308415
517575
4964835
7824075
563799336285
961117668975
3801
3866
3895
3898
3997
4135
4156
4285
4569
4633
4646
4771
4889
5281
5443
5583
6136
6982
7865
7887
7941
7984
8029
8108
8242
8351
8359
8365
8486
8491
8606
8653
8921
8978
8989
9181
9214
9259
9295
9317
9515
9633
9644
9721
9812
10419
12035
12802
14795
15698
15877
16393
18227
18245
18472
18897
19181
19904
22898
23684
24661
27169
30211
31663
34221
40634
60081
67232
70444
78518
151221
354112
361389
467901
493983
906633
1845543
75246717
20368935531
243085261419
573770043819
5243559510819
9337166322981
411356
9541444
9828962
12388442
37422484
894803734
7361359324
80392
4530292
5018409
5731737
9398428
36973586
73315658
83958628
77045018102
67490835871472
4012111461548553
32402
32753
33248
34121
34641
35144
37829
38037
39496
39824
40421
40529
41287
44519
44643
46929
47723
48848
50975
51065
51749
51776
52051
53506
53567
54743
55997
57578
62967
66861
67293
68056
68174
69115
69523
71447
73655
74483
74569
75251
75951
76238
76855
77357
77512
80221
82622
83703
84641
90137
91595
91904
92279
92551
92663
92839
94331
94509
95497
95815
96104
97707
104613
124231
128917
135353
136417
137804
145691
162056
171971
191794
211943
226508
232681
236578
248921
255819
309175
328889
334539
341169
357937
379202
388913
390531
403474
403525
420237
420818
430501
444661
451531
463018
481839
497719
497804
518961
523963
539062
541637
548507
549665
590962
601413
615217
636917
640781
688807
714007
723515
778027
789242
793141
799203
813883
834329
860077
874472
909605
935755
958449
960979
962011
973473
973724
975643
983067
995996
1268114
1372381
1466833
1475669
1874324
1897231
1942671
2044976
2066362
2178469
2203419
2409155
2450939
2598493
2658473
2717031
2729417
2791154
3022772
3034951
3114784
3308417
3354115
3405787
3515639
3685525
3748867
3949543
4278567
4297295
4485559
4730401
4755619
4782682
4859011
4893884
4957048
5306195
5332064
5690744
5880407
5895839
5997625
6397574
6573223
6842821
6981224
7149877
7361108
7481434
7498109
7731935
7781399
7785071
7798834
7825023
7987601
8101567
8138005
8159631
8225471
8317167
8451025
8739241
8932037
9211767
9279069
9349799
9392677
9415727
9671947
9691576
9808011
9971012
10390252
14643416
14943944
16981307
20843887
22870707
29552548
30232574
32814815
33218129
35541997
39412676
41660434
45141919
47778284
49306743
50582459
51262735
53908599
54397393
60748441
67301599
69246711
70513231
84010463
85248667
90277073
96528295
96928016
97230261
97628689
98044844
98082779
144879611
190834521
192696965
197624006
271872309
277175823
301665369
337968727
366297832
401665033
427049228
452372711
500323703
531111685
547156147
556239151
721327084
743743953
766382632
771601856
806046831
815625002
856576177
934120499
940087262
1214312573
1520810495
1862253189
2151367058
2317416219
2482610413
2562982414
3686960223
3692515391
4020579851
5431249505
5729413255
5732729396
6422660291
6505836745
6949144255
7738861432
8441385899
9014335973
9250416137
9582458822
11234746898
13693165407
17782884993
29738203277
31800994603
34175930336
40483643755
45148399316
60326771485
62450849499
63625347233
75605016137
76291762631
91957281721
93518752535
95863235648
99180966747
122902896988
255504295069
386442156097
574699309985
631667962907
694347240001
1489498475603
2610656537347
3040947612831
3353831353149
5054981124352
5169612001013
6227913818391
6666666102971
8677505637244
22279350743749
29064996667711
29312831056024
31006530109013
32051472511531
32288353246811
43351376695868
44072426644141
75890073134924
81213130633213
81810688716451
84248218833459
97819091697099
343418605252593
375321826665509
715095136584841
777749999792375
889574827228115
993570945803187
1635583550835173
2513152257272543
3370547092782101
6395963379396278
9343745387765927
30949574705134223
