416897
9102390
69160406530182
1039032202
659975
99015572991
404517530
30515035614
607940482
1864693
730
67299
8409
36814318
3925323
4009505
997104
246089
5124430
21135117898930
234629
6436
592997562
71665004
9598
355484
168256
5682
9696693
6867
256488841
2100
50868
5551617
58
4458474
291372
1844692
7661093580
526765
98546661
291
2933
185
759573213
4829638
19911
43423
374720
944240
12262
75856
77531
8013795478
51628296862
399
97
7434949
4956303853
37085
17147
47
5389
68460158171
646262641953
80403
49531370
96
91076561455820
904
38672
2112
83227
140
4850
418
845441285
59360
154473
7915
4170561000053
9800331
962809164
88285063903
14433
3913819324924
764597703351259
680345645
152
3287208920946
19278
6443502
5975
5086797295
97115024040
84081702
46644180
5904510245
63040605156
72161
4258497
71821
545441115
87983071
43406
476854
68341
43889
88618
4556
4952553
46757
906776
675515690
902977
323860
1318
378959
8492
1313590
49992
1814
606360291220464
76900
459
45149660800
3348475350
6360759
92926778
6140638119
38356
650216
651193
46358055672
1698
70153
1132237
973381
104
122
4794510084
43005399700
979
568
9754
1259865
45
9973007286652
157841
1944
17848
9905667453
32010
988556
80814
725344572
4619
76
71
8586735
34557
558
929010
26551
16698206647726
6163
5121
37028236705407439
912102260
566768
147607609928
8669795427142
4076526
77850633
84725470334652
562027
4232581
92557426
677367
475260
720003219
7617
15562
9262053
119023
936033098
393432
781
78
699116
72706
860402
13173054634
871092
172783
639160542
39
2549717
47589550
516
6083572
323
4837826600
3384423647889974
44817
453287070
5494
86787
457884
68348
354092
88
661904
873382
255456
440
52882
848029742
917
36368311078925
36535764550
242510712349
4711704064
60482
67012244942427
19202
6928860401
1784
3
778548
4328500
467
17028
2292026669
9140343893
647347613868084
1898258
51414452046541
155767516605014
3315
21878613437321213
808714015
4920612902
2331862
91072
358876
830432
8802231
4681834369
789300
316
152322
234703
5218573
78
89356
5274
21
18352553183159
78656
3077
402880723
491262
13187
453
54039
519
68138728
5825261478
244953679
35896
38861038666345
371437
47614
912
38082692
6462743
80183
7324
511842
30313722060
539879612061
680508712447
1903
38212
66700
4270
166997519
97885387
6510490
9978
33572
12
6
5792
702734079
594
74567
1054605661835
3827
802740
40997591234359
49186
74281503103
41654774
2811080272
86703890
90325194678
2796
58129
316705948
7940
24411
49145
9667310
1
3559043
67108371
216
502053
896832
8622
264230545606858
36667878
19869643
2905
4666
73618
81698749
15562
62
51457
61409731644
569956
13083
99608076
56377304
12611583870
46326
372735969496160
91753
73352594
5349686
2262943
97122242
9785
3650
38942
80435
53801072841
748
243735493
4698
990
26664049
240
43867588
819
4443
141175
6607
877262912564
5829646
285
9654128
13238
9490945374
983164163
1724122
849549600
809155
8016650
3356612
225673
6
83838
4681723
47832
288
16865
29781
11
3600102
2246
675794919195
747
309923762
17
43
400596
251
2114016
4780266
404922
26257
7526360
464730404
4856830204
303813667170198
603
