5281
615217
6227913818391
361902
9211767
171971
993570945803187
9644
3354115
99
9680020876850
32288353246811
75890073134924
8677505637244
39824
3801
942
82726722
69246711
1520810495
3193
255504295069
8448
28199038
5690744
85248667
401665033
1635583550835173
8451025
7798834
54397393
962011
80221
5910948
226508
95
245840292
58065
527
1881180
90277073
64
33218129
497719
1967154
8359
2658473
481839
208
22898
9812
1942671
333
694347240001
2044976
386
9349799
7308
58796784102
9515
960636
35933448599482
9317
53506
1165488
450084368563290
967782
5892011363470
407
375
520206
137804
3895
66248
640781
4485559
48848
919824
9541444
563799336285
636917
7781399
84448
39615
9214
10419
35144
6395963379396278
6675006
2717031
82461356904766
6422660291
96928016
15698
7865
83703
4012111461548553
15877
70
306
56
95815
70
8225471
96
34641
452372711
3692515391
3405787
793141
93518752535
2317416219
908
27701346
913752
2800
248921
1158
961117668975
2001
32814815
337968727
4964835
874472
41
26226165364
5306195
94331
377459193450
14795
91595
192696965
10390252
9295
8739241
1062
1491
76635
548507
1268114
27324996366
70513231
8085
56080
8159631
352969090
4530292
467901
4549990
77512
191794
5054981124352
50975
7731935
127
688807
104613
49306743
2992
74569
654
843
2151367058
93
4569
63625347233
4
549665
313
78
135353
8606
5731737
7361359324
909605
2066362
232681
361389
645
44519
7323618
6842821
357937
12388442
834329
65451000
2178469
625906062768
30232574
33594
41660434
10335760
67301599
20368935531
856576177
67293
40483643755
7984
76855
2562982414
27966
366297832
743743953
766382632
4730401
419
410
906633
600
18227
4889
5751033736
84010463
1215
3093138
7
22279350743749
3515639
4812
8029
673
935070806124
128917
62450849499
1746
11410
451531
9633
34121
517575
76786191622
69523
550
1405
82622
1794
1219
81810688716451
949
721327084
523963
51262735
136417
4755619
334539
719
66405
949
8441385899
68056
44643
995996
90
9181
62967
71391324490
1475669
18
5116570788
29064996667711
403474
151221
309175
4019748
23684
34221
6505836745
724611108477252
1487
13693165407
4464
343418605252593
51776
889574827228115
98082779
7785071
286
665260
236578
255819
427049228
68617752
3108
92663
17120
6949144255
2504220
3686960223
9398428
4285
305
411356
9710720
787
277175823
48288921938096
2689
430501
37422484
323122744
2312
301665369
7560
497804
4020579851
662297274
39496
297084
53908599
3685525
30211
354112
61
9250416137
76542
9582458822
55
7825023
84564
7941
81044508
361908
24661
243085261419
91957281721
934120499
250166640
75951
49574
762
3308417
5006290668
8242
192
8989
616
31006530109013
402970
9116220
8317167
220
51065
68174
4073436760
32753
97707
1862253189
9828962
915006
55997
40421
596210016
78930078
799203
77045018102
32051472511531
7242
835
93
5243559510819
789242
97230261
318
386442156097
57578
3067
8702826691218
531111685
3898
96104
94509
953587530
500323703
300858
4893884
124
95497
3407
9850
1214312573
5668593343326
590962
2409155
4646
715095136584841
940087262
92551
43351376695868
18897
39412676
975643
8702892
17782884993
390531
3370547092782101
40529
46
7987601
4863012
1466833
46929
403525
539062
3034951
328889
30066
973473
7887
5732729396
5169612001013
1534233106
4297295
3997
6654306
7498109
73655
36229926
379202
45148399316
3949543
5187260634
16393
3037
547156147
21520
5311390
59388
493983
541637
22870707
67490835871472
90069642
778027
190834521
60326771485
18472
453
502698290
573770043819
572
8921
9
2482610413
67730
12802
9279069
60748441
806046831
5895839
1897231
3040947612831
45141919
860077
58980
2376
7810866
1042
904
463018
398
28254153588
41287
6776
1822
11080
9337166322981
574699309985
6666666102971
914
20843887
8932037
386261974
601413
74483
2450939
32402
6564
31800994603
19960
52051
983067
8486
14643416
420818
341169
5880407
197624006
54768
9671947
33248
29312831056024
749207688
44072426644141
2203419
36973586
9012
79
8932
4135
587
8491
3037
958449
95863235648
6136
4859011
532
47778284
4259650
720876
2729417
47723
73315658
7149877
79
7320
50582459
7738861432
6981224
952
853749993236
714007
65
777749999792375
271872309
98044844
51749
4782682
69115
4663074224832
9392677
2513152257272543
5997625
8002698
9014335973
82600
122902896988
549
1845543
45740792734
12035
76238
9971012
3748867
8101567
2791154
53567
4771
7361108
38037
6982
8978
11347110
84248218833459
3114784
5460
960979
19181
630
973724
66861
444661
294996174
388913
4278567
608631654036
29738203277
18245
949
3385294800
640
96528295
34175930336
14943944
631667962907
3300
9808011
518961
1226
3680
7481434
338202
3274518
308415
75251
12855
4957048
2610656537347
2904638292
5583
723515
5443
144879611
1489498475603
90137
80392
4156
986
92279
1372381
9972768
9721
75605016137
31663
91904
16981307
84641
4728
6573223
6461150
37829
815625002
616
295652
4
935755
9415727
1013
961
2714230
951238604666
2598493
3866
5018409
9343745387765927
97819091697099
5655730
8653
54743
7824075
8138005
556239151
894803734
375321826665509
162056
92312332794
75246717
145691
1874324
83958628
70444
11234746898
9691576
65394
27169
124231
211943
907720
785110
92839
4904530
299784
28
76291762631
46968
611956389790
5332064
6397574
53334
641
3016971826836
5431249505
9259
60081
8365
75
571
35541997
67232
29552548
25185
95
8108
420237
43581361254
46102
3353831353149
81213130633213
19904
99180966747
78518
321816
40634
813883
993174
58862300694
97628689
3022772
4633
5729413255
77357
845416550
2349
30949574705134223
93
2165
71447
8351
73152
771601856
